4319	1	3.75572900696
4319	2	3.81349011524
4319	3	0.579248540919
2954	4	4.59632518822
2954	5	4.20185202569
2954	6	3.93692706719
14438	7	2.88635977326
14438	8	4.97077122612
14438	9	3.37325521103
8948	10	1.59232676139
8948	11	1.20176052262
8948	12	1.49531552793
1543	13	0.619853919649
1543	14	1.20994906519
1543	15	2.47875157795
3455	16	3.15490826882
3455	17	3.71324906668
3455	18	2.64777044588
181	19	1.88093332458
181	20	4.44525141093
181	21	4.67197789015
77657	22	1.83916406369
77657	23	2.78903703672
77657	24	2.47059527979
69827	25	0.624643619795
69827	26	3.34855541697
69827	27	0.660198649629
806	28	0.733849411058
806	29	2.91189726386
806	30	3.53717500803
1352	31	2.90772109958
1352	32	2.67623044834
1352	33	2.1810681628
1334	34	1.97883218751
1334	35	4.38847397415
1334	36	3.98021422886
3893	11	1.17717991347
3893	37	1.49443859499
3893	38	1.83250995304
3472	39	3.01926759123
3472	40	3.54165564631
3472	41	0.612032577674
4305	37	1.69565603899
4305	38	3.80288073744
4305	42	4.72483944853
121	43	0.991135495635
121	44	4.17910776486
121	45	3.51356791789
153	46	1.91602012106
153	47	2.56356950111
153	48	2.38374062058
150	49	4.31045908264
150	50	1.19672945854
150	51	2.33022432692
2302	37	3.41533779996
2302	38	3.35975932463
2302	11	1.47644055682
3181	11	1.45904454615
3181	37	2.17049306162
3181	52	0.734766446634
55374	53	4.17732347138
55374	54	0.838369866675
55374	55	0.979578396288
1522	37	3.8230789545
1522	38	1.17658536628
1522	11	3.51887252029
204	56	2.64169568686
204	57	2.55679491412
204	58	2.14231404184
180	59	3.74881827165
180	60	2.14387137709
180	61	1.82617510903
4367	38	1.78779458147
4367	42	0.832755461262
4367	62	3.03868786071
3183	11	2.7374634738
3183	52	2.65760109944
3183	37	2.34764180734
2928	37	0.65087185843
2928	38	1.03945056852
2928	63	4.6749618518
3897	11	0.844765216153
3897	37	1.42557047796
3897	52	1.85216791361
804	64	4.81524896792
804	65	3.67542565112
804	66	4.17811492154
517	67	4.42311765223
517	68	3.06678902752
517	69	3.64165528905
1879	70	1.33208832132
1879	71	4.67405046414
1879	72	3.09524649471
3450	73	2.88748329457
3450	74	3.26604515402
3450	75	2.22562521418
120	76	4.233008233
120	77	4.59689613205
120	78	2.04559179968
214078	79	1.94761180905
214078	80	3.74448388256
214078	81	3.2928311126
13717	82	4.4607846794
13717	83	4.5939840535
13717	84	3.49747795988
1373	85	2.95003352969
1373	86	3.82844272777
1373	87	2.96673719277
3603	88	1.89749743627
3603	89	2.47427974083
3603	90	1.77771986841
139408	91	0.899294013356
139408	92	4.97115990382
139408	93	0.875204084974
2197	79	0.929793821712
2197	80	4.35145539985
2197	81	3.50314964142
1326	94	3.61121607967
1326	95	3.39004757036
1326	96	1.31929975577
5352	97	0.565729309861
5352	70	4.94294716775
5352	98	4.46005791035
182	99	4.69769047556
182	100	3.37775265112
182	101	0.553589449438
1544	102	3.40694315481
1544	103	1.6481197369
1544	104	0.758476471273
1027	99	4.04351106407
1027	105	0.909727306951
1027	101	2.59173845753
3189	11	1.51041950604
3189	10	1.29669604912
3189	12	2.57976626993
1356	106	2.67618174212
1356	107	2.17724822415
1356	108	4.54491173076
6847	109	2.16651588834
6847	110	2.5045640655
6847	111	3.26915720697
951	112	3.16286696529
951	113	4.66904472395
951	114	2.56345698003
137	115	1.87478166433
137	116	2.45898785169
137	117	4.76171399021
91	118	1.47736373398
91	119	1.49427531596
91	120	2.25159803661
183	121	1.51971898694
183	122	3.09002744463
183	123	3.68086783679
986	124	2.26689608664
986	125	4.62368172511
986	126	3.48406338624
1367	127	2.88066042832
1367	128	4.15142447658
1367	129	4.37969141984
798	130	0.531267603884
798	131	0.963335314785
798	132	4.56261326084
179515	91	4.83367595516
179515	92	1.47608983477
179515	93	2.59151642841
776	133	3.11709618748
776	134	2.46455735925
776	135	3.75950650985
2940	11	0.722063680553
2940	37	4.68688816432
2940	52	3.24199482859
60271	136	2.67675333987
60271	137	3.8522666646
60271	138	1.68925782596
748	139	1.43299926542
748	140	2.22909831054
748	141	2.13274935307
1728	142	4.64887035995
1728	143	3.53798692577
1728	144	1.45256271261
3886	4	3.30078349265
3886	5	3.11688964465
3886	145	1.09293564115
1817	146	1.36941369861
1817	147	1.66492811724
1817	148	0.738463255025
3661	149	4.2068405095
3661	150	2.66089879708
3661	151	3.26354154768
3813	152	1.37687155236
3813	153	1.86696391932
3813	154	4.44948294326
4354	37	3.13842253358
4354	11	4.73005228229
4354	63	2.2100213941
13837	155	2.46137782233
13837	156	2.58459665113
13837	157	3.89062491869
13618	158	1.55094836722
13618	159	3.44566255318
13618	160	0.653244045413
1150	161	3.38628861643
1150	162	2.73888852395
1150	163	3.78549802171
9102	164	1.67657020866
9102	165	1.77156017907
9102	166	2.89548629701
2428	11	4.63424170124
2428	10	2.11226344124
2428	167	4.03095422474
1722	168	2.40211248547
1722	169	1.8529049651
1722	170	2.57068385789
469	94	2.54518079561
469	95	4.7638962207
469	96	3.74785001038
126	171	1.89209690091
126	172	3.63563116775
126	173	0.703094824148
2067	174	4.87380358716
2067	175	4.22163728068
2067	176	0.908531727226
3473	177	4.20832367957
3473	178	2.20717017383
3473	179	4.23202951886
9352	180	2.02594079056
9352	181	2.72666545264
9352	182	1.71378596037
1970	118	0.964945993421
1970	183	1.24734017343
1970	184	0.509121272599
59984	185	2.86721631659
59984	186	3.24984983379
59984	187	1.09263078082
2961	161	3.98048290807
2961	188	4.73341711876
2961	163	1.46498207683
779	79	3.85382604881
779	189	4.08380283634
779	190	4.18200326884
54234	191	0.587740143521
54234	192	1.41137165529
54234	193	2.29665398016
2956	37	1.66144940918
2956	11	2.667159104
2956	38	4.80191683703
136	194	0.986302591751
136	195	3.92039315444
136	196	0.739426045868
1430	197	1.02161311434
1430	198	0.797297747005
1430	199	4.24311038579
1658	200	3.37314850599
1658	201	3.62675042414
1658	202	3.89365563263
1243	203	4.99663262569
1243	204	2.28033706214
1243	205	2.09891554946
2964	206	4.43951204961
2964	207	4.89026013214
2964	208	0.576790884051
4458	209	2.75840496689
4458	210	2.86935620164
4458	211	3.70603701141
7515	56	3.55017502593
7515	57	3.96608591008
7515	58	1.18816442821
3883	206	1.09970746365
3883	9	1.82661725905
3883	208	1.93956026301
33867	212	3.75859419221
33867	213	0.770110215759
33867	214	2.58824254669
5090	215	1.04472839638
5090	216	2.64849234048
5090	217	2.19968875101
3182	11	2.92200506467
3182	52	1.01839732097
3182	37	1.41598334814
131913	218	4.60392916758
131913	219	3.73310596472
131913	220	3.56358230598
2953	11	2.30419130686
2953	10	1.03087915277
2953	12	2.77294619732
2948	37	1.04660071222
2948	38	0.920236880311
2948	63	3.65599456236
1096	221	3.40438069781
1096	222	2.82178008745
1096	223	2.78693019738
3193	121	4.53694267288
3193	123	3.23684276854
3193	224	4.159317526
70820	206	1.54979835302
70820	7	3.87671372984
70820	8	3.19796483214
484	225	0.97776450753
484	226	4.02692101858
484	227	0.557936995352
836	37	0.778572642969
836	11	1.0579201471
836	38	0.615531668974
2924	37	2.71231108307
2924	38	3.72959435139
2924	42	3.21357908267
4115	37	3.28213920333
4115	63	2.3832181275
4115	228	2.81458774908
8947	38	1.74228009014
8947	42	1.40008448855
8947	37	0.928267657557
3186	37	3.64042409823
3186	38	1.51575265892
3186	11	2.54061589421
2935	37	1.90261708502
2935	38	3.08294804593
2935	11	2.26392727337
2930	37	3.18569802662
2930	38	4.49363134349
2930	42	3.22469479023
4401	11	4.51851433664
4401	38	2.05962209385
4401	52	2.35848687942
2952	10	4.86934479065
2952	11	0.79536249571
2952	12	3.91724811931
94	229	4.90305326689
94	230	3.33259560249
94	231	4.70197433814
3458	232	0.798464739071
3458	233	4.47336297039
3458	234	3.7118399908
57227	102	2.16326839164
57227	104	3.5142370893
57227	94	2.73045556057
493	235	4.8458678524
493	236	0.797059665882
493	237	1.36291718767
4375	11	2.27277980501
4375	38	1.79168205043
4375	52	3.18766398169
3693	238	4.93875088659
3693	239	3.01709070373
3693	240	1.40689664516
3015	241	0.760704602317
3015	242	1.85671623824
3015	243	3.74577565845
4307	9	4.06982633979
4307	244	3.42989542776
4307	206	3.41876772854
4412	38	2.45378601214
4412	42	4.25289247236
4412	62	0.773780781716
4498	124	3.88644865287
4498	125	0.848919331718
4498	126	1.22302551391
2929	11	4.1459541017
2929	38	2.14503970959
2929	52	4.19456179648
3859	245	3.32062620606
3859	246	4.80091088107
3859	247	2.02665336974
2969	37	3.90556947518
2969	38	1.06463132541
2969	42	2.86897803391
2959	119	0.735994717046
2959	118	2.52661978109
2959	120	3.26205545351
771	248	0.600944221374
771	249	3.44976324566
771	250	2.15219779914
7023	251	4.73822153132
7023	252	3.09643891309
7023	253	1.02343293488
4018	254	2.88981221639
4018	255	2.96901263072
4018	256	4.93545966599
117	257	0.81750285474
117	258	4.69132271127
117	259	4.46457121707
599	260	4.09072443357
599	261	3.10847084634
599	262	0.671103706701
4617	263	3.06073656096
4617	264	1.0971375354
4617	265	1.87129689875
110013	257	2.34921535291
110013	259	2.74158308831
110013	266	3.32864212485
4369	267	4.58570169042
4369	268	3.38468355995
4369	269	0.998045218437
8355	257	3.70066209964
8355	258	3.25100779316
8355	259	3.79853094148
2153	270	1.38188550815
2153	271	2.1085354814
2153	272	3.68428872569
161063	273	3.33767480666
161063	274	2.36437264998
161063	275	1.26792934607
719	206	4.5569963601
719	207	2.53776207692
719	276	1.7738243818
55006	277	3.3181025569
55006	278	4.07402461519
55006	279	1.14535118474
4321	280	3.51446958883
4321	281	1.70327838579
4321	282	0.744993116419
4413	267	4.7733956754
4413	268	4.33920734963
4413	269	2.32578002387
8910	283	4.221356213
8910	284	1.46543131451
8910	285	1.71219064148
1516	286	4.44234471575
1516	287	3.44745059766
1516	288	1.26472340434
32007	118	3.93027794599
32007	183	1.70251905729
32007	184	3.40119792666
7824	289	0.609487443368
7824	290	4.39724529816
7824	291	2.60402954065
420	292	3.49727283874
420	293	2.37175578992
420	294	4.60340757987
507	295	0.754897107215
507	296	0.587338449728
507	297	1.93024033125
3426	298	0.648721421533
3426	299	2.15566601756
3426	300	3.69738134821
1515	301	4.16450741475
1515	302	4.84329802955
1515	303	1.20106177058
82692	304	0.855402536491
82692	305	2.01906451947
82692	306	1.69982741182
161674	307	2.34539322135
161674	308	3.53203622642
161674	309	0.956944611425
1049	310	1.42043833797
1049	311	2.59264311502
1049	312	2.2801631291
328	313	0.525552515133
328	314	2.40763949371
328	315	3.28542417597
3427	316	1.15506756144
3427	317	0.861918936996
3427	318	0.596462803014
5929	289	2.60733097353
5929	291	3.39233952507
5929	290	2.81834213828
359	82	4.77250845129
359	319	4.57093279491
359	320	2.97007569225
1429	321	4.64726393221
1429	322	3.18128964282
1429	323	4.72285953115
4405	324	2.69194533484
4405	325	4.75122547962
4405	326	1.22954110959
716	327	4.97750453557
716	328	2.53293433598
716	329	4.58516130339
5183	330	3.76719561838
5183	331	1.7712482958
5183	332	4.98448845769
2965	333	3.28235623165
2965	334	4.59062307355
2965	335	0.50398889906
16898	336	4.23619437706
16898	337	1.17658758085
16898	338	3.74469354162
835	268	3.63629212154
835	269	1.75428952933
835	267	4.66321748636
7697	230	1.73503832267
7697	339	3.30045570256
7697	231	2.26567007502
562	284	2.04631550455
562	283	1.60729593168
562	285	2.69627560403
78758	340	1.77414411527
78758	341	4.27719690037
78758	342	3.32067430995
9827	251	2.59751313247
9827	252	2.52962029425
9827	343	3.8251017544
187	344	1.53018751085
187	268	2.01609336118
187	345	1.24587956228
1082	288	2.01748659893
1082	346	1.68554745339
1082	347	3.55073355362
78722	348	3.78691620933
78722	349	4.64044718394
78722	350	0.923753233725
42278	351	2.45799799344
42278	352	1.35042400412
42278	353	1.47782996393
41977	354	2.0328241618
41977	355	2.39188279003
41977	356	3.16134506334
1933	357	3.64535257812
1933	358	1.61081743526
1933	359	2.02562767727
3593	360	2.44715319435
3593	361	1.41903445316
3593	362	3.75141095357
36485	91	3.09499886312
36485	92	4.80553030939
36485	363	1.30770459925
4414	191	3.62614087898
4414	364	4.11480114452
4414	365	3.76599627728
1296	366	0.693537777726
1296	367	4.20010664085
1296	368	4.61225135993
135	284	3.42929580279
135	283	1.48393240811
135	285	3.99118887104
53398	369	2.6556944633
53398	370	2.95384668268
53398	371	3.81373356782
585	284	2.19495345823
585	283	0.784717073138
585	285	1.58907025148
112	79	4.51422096315
112	80	1.20616585319
112	372	4.9297316584
2478	373	1.40032811702
2478	374	4.05636256986
2478	375	4.69720370557
3902	350	3.95781988501
3902	349	2.44390785701
3902	376	0.86431831554
297	377	1.87087718515
297	378	2.63060395279
297	379	1.8836436956
1548	380	4.98865236489
1548	381	3.45277277784
1548	382	2.15527589034
5161	383	2.56629201269
5161	384	0.827399955934
5161	385	1.2777460306
987	386	0.698867512706
987	387	1.18754872563
987	388	3.25177674401
243	168	2.97827059433
243	169	1.13410444444
243	170	2.19220583797
572	389	3.01959015343
572	390	3.25012732634
572	391	1.96883443899
747	206	1.62065206208
747	8	1.61613110119
747	7	4.70795093878
3422	392	2.42242168051
3422	393	2.02260656697
3422	394	2.59577722705
1202	395	3.77240575426
1202	396	3.14120198507
1202	397	3.86856641986
2933	11	3.75002379131
2933	37	4.26896900157
2933	38	3.65384302239
3187	149	4.32236853765
3187	150	0.837444884322
3187	151	1.07842976762
674	398	3.90569785203
674	399	4.93887903299
674	400	2.00818297781
3882	38	1.54637906995
3882	37	4.59498420401
3882	42	1.30633354442
4203	401	3.03165202899
4203	402	4.93450059209
4203	403	4.82898700705
734	404	2.18447928604
734	405	4.52994464703
734	406	2.35135270104
252846	407	1.54838279892
252846	408	1.40775592514
252846	409	1.35219858406
1500	410	2.94939896558
1500	411	3.29320920707
1500	412	2.63271684509
3453	413	3.00867612447
3453	414	3.32107526403
3453	415	1.00026139493
3459	416	0.664865710488
3459	417	4.52914679705
3459	418	2.76809952637
2963	37	1.58370882524
2963	38	2.69118778496
2963	63	1.23575172484
1017	419	2.7798546915
1017	420	4.92889112989
1017	421	4.73381235364
600	143	3.8791224978
600	422	3.09507661753
600	144	4.1782303897
430	168	4.2112115225
430	169	3.16663233138
430	170	4.40194904563
3148	423	2.11077728971
3148	424	3.34267644133
3148	425	2.3948954611
2652	185	4.12941726172
2652	186	2.28513396751
2652	187	3.8174746422
7546	426	3.18663776305
7546	427	2.1626293224
7546	428	0.902981194343
8609	429	3.06074695043
8609	430	1.6243079194
8609	431	1.82935636814
1786	432	0.768844862583
1786	433	2.36547598344
1786	434	2.33490903812
3437	435	4.55494088555
3437	436	3.09573443059
3437	437	4.2409640207
108	438	2.89301795383
108	439	2.27507964424
108	440	1.95717021402
2946	37	1.98727896989
2946	63	4.23897221319
2946	228	1.10532203479
4318	441	3.51468756788
4318	442	0.834746074086
4318	443	0.865573434148
331	444	3.2089513025
331	445	1.65859916704
331	446	3.68319511687
540	447	1.60636803737
540	448	2.07495949892
540	449	1.64615003344
843	450	0.59559720474
843	451	4.86938943434
843	452	1.87952381614
5339	292	3.02824267218
5339	453	2.87598919648
5339	454	1.96624176633
58366	455	3.39747449174
58366	456	1.75729493079
58366	457	1.27173234052
12557	458	1.69752494539
12557	459	4.43470741236
12557	460	4.0824545213
45816	461	2.78499430608
45816	462	0.644592943489
45816	463	3.67051974744
961	464	3.98869969365
961	465	2.74369687922
961	466	3.00351315755
343	467	0.879551466329
343	468	2.07444697466
343	469	1.7188416677
3188	94	4.77686315829
3188	95	4.94866540212
3188	96	0.936101726312
3590	470	2.71954838908
3590	471	0.717761688738
3590	472	3.12231078504
6639	11	2.32235395823
6639	473	1.8407058946
6639	474	3.45811462314
2942	37	1.31090907233
2942	38	2.81990149041
2942	11	3.60210819624
510	475	2.66637694636
510	476	3.22552526214
510	477	3.93174242006
3234	428	3.28320916986
3234	149	1.72012497356
3234	151	2.63242550111
712	191	1.30416490877
712	192	1.4719962771
712	193	0.820828969172
212	386	3.43298319663
212	478	2.33795878275
212	479	3.89543546193
8906	37	1.7955371271
8906	38	3.91241657794
8906	63	2.02671787878
3887	480	2.99092489117
3887	481	3.96928618259
3887	482	4.63537222126
37729	483	1.68918207818
37729	484	4.38968338841
37729	485	1.97316084862
551	486	3.24399408619
551	487	4.11399464555
551	488	3.50549074309
53719	489	1.44702036962
53719	490	2.16444716707
53719	491	4.15906751973
3202	492	1.61697233053
3202	493	0.977472693354
3202	494	2.4567985526
342	235	4.66086168722
342	236	1.50803561841
342	237	4.42901330747
139	91	3.30400950323
139	92	4.11108738881
139	93	2.67837883263
92	495	4.28881742254
92	496	4.00809576388
92	497	4.05821201332
1811	498	1.41403573683
1811	499	3.34887982603
1811	500	2.87030464139
67633	501	4.58281868985
67633	502	4.88482073687
67633	503	3.10848992575
962	504	3.46305555587
962	505	3.98631377226
962	506	0.517033440123
355	507	2.51546003436
355	508	0.755398962949
355	509	3.58727521272
6494	510	1.26457752613
6494	511	3.44156327246
6494	512	3.81866149796
2541	513	2.60006039705
2541	514	0.608142265162
2541	515	0.607211263525
2858	118	1.22289368704
2858	119	3.90191030426
2858	120	2.11043987123
93	516	0.622758557777
93	62	4.66282047886
93	517	1.61429759806
4371	11	0.628198423201
4371	37	3.88950232553
4371	38	4.9918790962
4258	518	3.28190074416
4258	519	0.700617279894
4258	520	2.86110945768
2967	11	1.11615790561
2967	37	3.85880558674
2967	38	0.795196395372
3432	346	1.68464365728
3432	288	2.69212518747
3432	347	0.84617439511
3268	37	4.13091843128
3268	38	3.69896837148
3268	11	4.65581503539
69949	521	2.26706986637
69949	522	3.92798939425
69949	523	2.35327490398
56866	524	4.72370465048
56866	525	4.17772414753
56866	526	0.546507318228
179579	206	3.15648091917
179579	208	1.76447889957
179579	9	4.37686002957
3356	527	4.49227555176
3356	528	3.93330155732
3356	529	2.83276523215
414	11	4.75342623461
414	52	3.24208382865
414	37	2.52872452684
185	530	2.78041108157
185	531	0.70047499649
185	532	2.98593810252
7818	4	2.94673164298
7818	533	0.743154375429
7818	534	1.71442755946
632	535	2.36728747339
632	536	1.39782485413
632	537	2.01813576018
9310	168	2.83792925266
9310	169	4.6724260274
9310	170	4.54800148496
1608	152	2.80675752008
1608	538	4.66102972467
1608	153	2.99128166959
6673	539	2.61955114905
6673	540	3.68594940525
6673	541	4.81106326139
584	96	4.20844420745
584	542	1.14478935134
584	543	3.26624888431
357	143	4.14042934121
357	142	3.78395727746
357	422	1.39855511744
16001	544	2.10728401658
16001	545	4.1020635935
16001	546	1.12845879796
8637	174	4.42928748527
8637	175	1.48643272412
8637	176	3.34967568947
2949	11	3.41679991533
2949	37	4.55846134178
2949	38	0.651247525731
1171	21	0.825477281008
1171	547	4.47464856931
1171	548	4.85895051109
5804	284	1.15119662398
5804	283	1.30286320563
5804	285	0.919165825256
186	549	3.40652309989
186	550	2.34290056944
186	551	2.08331828209
3325	152	3.8210131798
3325	153	3.02818568891
3325	154	2.46385503484
3160	552	3.00619983319
3160	553	3.56723465575
3160	554	1.06694452689
1180	521	2.66115636102
1180	522	4.46376152423
1180	523	4.55127937177
6244	555	0.699530424145
6244	556	2.25176455187
6244	557	4.53294831046
818	286	1.06324457686
818	287	2.43759644962
818	558	3.04032552908
57432	559	2.18529972211
57432	560	4.31549629457
57432	561	3.76375330882
208	562	3.95257184452
208	563	2.54694462777
208	564	3.60784657354
6163	565	1.11758214639
6163	566	2.03846003065
6163	567	2.10046146792
184	359	4.98751353599
184	358	2.3634033714
184	357	2.43559497786
3474	568	3.08061295064
3474	569	0.938728034328
3474	570	1.00220559764
7387	43	1.68852110647
7387	571	2.8924306326
7387	45	0.51272212457
2970	38	1.62756024809
2970	42	0.748030574871
2970	37	3.9526325971
665	410	3.81863136802
665	572	4.52210634493
665	573	2.69382287068
539	574	3.06311175492
539	575	4.22170070728
539	576	1.02210692633
850	166	1.35170129754
850	164	4.56886035855
850	577	0.96208869521
6462	578	3.87633327735
6462	579	3.28682671398
6462	580	1.3541407154
7039	133	4.70273595199
7039	134	1.5024019417
7039	135	0.889692917641
58024	581	3.00818137471
58024	582	2.74037043939
58024	583	4.20545487776
485	584	4.27476632979
485	585	2.76979826868
485	586	1.16615190815
1265	284	0.964135172178
1265	283	1.15526800599
1265	285	4.08453762913
2895	587	1.31658576103
2895	588	3.13917572455
2895	589	3.58269924839
3579	590	4.06147488338
3579	591	3.51383601309
3579	592	3.0491284517
78706	593	2.04753040277
78706	594	0.593473315806
78706	595	0.903903497166
6809	596	1.56197564902
6809	597	1.34011822176
6809	598	3.13480693168
2262	599	1.04515660298
2262	600	1.05235033278
2262	601	4.72005552638
13270	350	2.1892097361
13270	349	4.60171146239
13270	376	4.27958224338
61655	602	1.61091821544
61655	44	1.75927141975
61655	43	1.42216795003
5517	603	4.15533543336
5517	604	3.64353725634
5517	605	3.58882367947
787	254	4.06181382697
787	606	2.1769274222
787	607	4.68480284816
48918	608	0.821745301917
48918	609	1.06999398928
48918	610	3.78560556709
1568	611	0.596010255751
1568	612	1.93293734397
1568	613	4.58081588271
1416	614	2.55484337561
1416	615	1.53635827167
1416	616	2.62038660796
2150	133	3.62549973274
2150	134	1.84084048169
2150	135	1.03305052574
1344	75	3.8609088481
1344	617	1.7057221536
1344	618	2.30436786268
69263	321	4.33086859949
69263	323	3.82129804103
69263	619	3.77219656995
71185	620	2.56351202084
71185	621	0.502014369611
71185	622	2.48812593721
1526	623	1.47976822702
1526	624	1.3633320592
1526	625	1.45670701644
2445	559	4.32772241143
2445	560	3.0558577692
2445	561	2.788392018
978	626	0.760885514106
978	627	2.09198167276
978	254	4.95753405306
766	628	4.37823933948
766	454	3.61672195531
766	629	3.06543516938
421	630	3.07355333023
421	631	3.57387013444
421	632	3.63841331521
3670	633	1.16697499291
3670	628	2.55364406169
3670	634	1.12692972293
447	43	3.59667921186
447	571	4.18517305919
447	45	3.27275563726
3156	635	4.34334264291
3156	636	1.33487673778
3156	637	4.8212640222
4212	638	3.20672580958
4212	639	2.58485493547
4212	640	1.44941354921
368	641	4.97569046882
368	642	4.02959005368
368	643	2.67360415757
7952	644	2.77185054546
7952	645	3.12478189507
7952	646	0.864113049886
122	647	4.71161092121
122	648	3.39631015751
122	649	2.45888768714
1099	650	0.522830577895
1099	651	3.22668317197
1099	652	1.34197066214
7025	653	4.79732271164
7025	654	1.23329502857
7025	655	2.4295695505
57172	254	3.58684504245
57172	606	1.88070568075
57172	607	1.71095050958
405	656	4.29523903742
405	657	0.850640054313
405	658	3.7851042202
4255	659	3.63985962103
4255	660	4.43786394089
4255	661	2.27930577048
556	662	2.94414226649
556	663	0.801422438583
556	664	3.02014427922
564	257	4.84130210407
564	258	2.8858915345
564	259	4.90360568016
921	665	4.48888239371
921	666	0.835635388358
921	667	0.565737572033
4960	668	4.12151622812
4960	669	4.10780732263
4960	670	2.64151575793
47110	671	2.46196371518
47110	672	3.08095376718
47110	673	4.98051189068
78342	283	1.60235092027
78342	674	1.5252440396
78342	284	2.78069594394
515	251	3.66165248372
515	252	0.847100714874
515	343	0.908410985713
370	284	1.98643889694
370	283	3.3600734958
370	285	1.56360637274
557	675	2.01815792222
557	333	3.92393838252
557	676	4.46426921145
3515	677	1.94548575536
3515	678	3.0705341097
3515	679	0.806407760718
7322	680	2.72341368736
7322	681	4.5078361919
7322	682	4.75481615746
76712	683	1.76757416703
76712	684	0.65500628999
76712	685	3.08250281527
11700	335	4.45807924218
11700	333	4.70993800089
11700	686	4.71238320133
45910	687	3.86452532197
45910	688	1.19875689028
45910	689	2.32858008973
568	372	3.6491193119
568	690	2.17940420784
568	691	0.632409484603
170613	351	3.81584574326
170613	352	4.74592204531
170613	692	3.63084648786
11280	693	2.63337248605
11280	694	3.71728502317
11280	695	4.70331200979
7066	696	1.70742081356
7066	697	4.50726459737
7066	698	3.05346349511
23293	185	2.36359819976
23293	186	1.53674518999
23293	187	1.25174215745
913	699	1.8607085263
913	700	2.34080558166
913	701	2.79950841965
75001	702	2.65577754388
75001	703	1.98325885117
75001	704	4.87542630037
81756	21	2.55442941218
81756	4	3.32283446101
81756	533	2.18714448761
233151	79	4.12259894439
233151	81	3.86182562024
233151	80	0.751136713383
12314	91	3.61049350391
12314	705	1.70663007242
12314	92	2.37694404404
2475	706	1.35463201311
2475	707	1.57933299177
2475	708	2.91875235181
188	659	1.5441771194
188	661	4.7721858503
188	709	1.41290563616
76105	351	0.57268277905
76105	352	1.6306632507
76105	692	0.8467534947
76182	91	2.80836240584
76182	92	1.0280543685
76182	93	2.22105705462
4134	710	2.42562609716
4134	711	3.25185871057
4134	712	2.18246700476
44333	351	1.00194211731
44333	352	4.67312249212
44333	353	4.97581624458
276	713	4.75529451179
276	714	0.599910807429
276	715	3.50390365147
619	716	2.4667169945
619	717	3.39643933109
619	718	1.15665772998
125037	719	4.04492773992
125037	720	1.68270016189
125037	721	2.5180607744
3965	722	2.70885194366
3965	723	3.96728997008
3965	724	0.542164695709
5367	725	1.27635403893
5367	726	1.71584971307
5367	727	1.60863947296
5338	728	4.13067662303
5338	729	1.50205126386
5338	730	3.98327037469
5350	731	2.72271650887
5350	732	1.34901398772
5350	733	1.90926267424
5334	322	0.887730504452
5334	734	1.54684019622
5334	735	0.734687825086
5343	736	1.86997652604
5343	737	1.34278605966
5343	738	0.787140707984
1019	739	3.90578329574
1019	193	1.68772442652
1019	740	2.40795841145
1857	43	4.96137664999
1857	45	0.676395832712
1857	44	1.29086823966
2452	118	4.31638632102
2452	119	0.917412208743
2452	120	1.70566776502
3518	741	2.52526263319
3518	742	4.72663277553
3518	743	3.9059376269
99	744	4.58052344083
99	745	3.14324200082
99	746	1.72989563993
1420	747	3.42116865818
1420	748	4.55510949503
1420	749	3.21415815533
4374	11	2.30817293103
4374	38	2.1879033158
4374	52	3.85597470269
179563	750	4.88498069903
179563	751	1.51617634051
179563	747	2.28322726375
4651	225	1.49851270316
4651	226	0.894337290616
4651	227	4.11660099319
3594	752	0.592246271075
3594	753	4.70602960998
3594	754	4.42447886932
334	755	1.59780984913
334	756	1.58307549285
334	757	1.38191720919
5546	758	0.52142902527
5546	759	0.52629926681
5546	760	0.694998326122
1140	761	3.507269185
1140	762	1.02001341788
1140	763	1.03689280907
1410	764	3.24064586786
1410	765	2.46195975408
1410	766	2.25752319351
47984	386	1.48443301749
47984	388	2.48987914933
47984	767	0.635196948249
1255	768	3.55484296416
1255	769	2.13493286258
1255	770	2.71577309252
52183	771	3.0065310108
52183	772	2.79771955346
52183	773	3.58848180069
3490	161	3.30946884342
3490	162	1.79268018825
3490	774	3.94343585973
3619	775	2.6532070855
3619	776	2.46554681138
3619	777	3.84771350636
587	778	2.34581542744
587	538	0.683725276019
587	152	1.57419316148
233	779	2.91164912585
233	780	1.35798241409
233	781	2.21465020423
821	168	3.86305263859
821	782	2.69361115748
821	783	3.7459231185
4221	784	0.63468112922
4221	785	4.21118041869
4221	786	3.24112286115
6378	119	1.2519200864
6378	787	2.23669858686
6378	788	1.20355527853
1195	152	1.8508250808
1195	153	4.08175905891
1195	538	2.08887091665
7	267	0.621097552785
7	344	2.82258153275
7	789	0.756237620003
119	790	3.37540655459
119	791	1.23608126336
119	792	2.56421020534
777	793	4.4792148309
777	794	1.95153165549
777	795	3.816420752
7877	796	2.42315031549
7877	797	3.69900181877
7877	798	4.87368916035
360	76	3.50966655067
360	77	2.31238740893
360	799	1.79026589603
5309	692	4.67659396907
5309	800	3.75188684878
5309	801	1.23806820062
2412	802	4.71953875951
2412	803	3.84785440861
2412	804	1.50427468913
3488	805	1.27878600703
3488	806	0.681989891463
3488	807	0.900191914123
4061	88	1.32102298951
4061	89	2.70073650971
4061	90	3.50174036285
549	808	1.78862483597
549	809	3.23592431878
549	810	1.50227868271
3076	134	4.07140100038
3076	133	1.50833107891
3076	135	2.32565081687
2196	768	0.650882613463
2196	769	1.60858115707
2196	770	1.92378398004
519	206	2.9653844972
519	7	1.72459848315
519	9	1.95519564053
296	811	4.73258283972
296	812	2.46205658377
296	813	1.63171756857
1320	464	3.94339900158
1320	466	4.46475221704
1320	465	4.86437936865
3692	814	3.34053294805
3692	815	1.7647564773
3692	816	3.99581693617
3110	118	2.01419042105
3110	817	0.790765714316
3110	485	4.96838957136
60019	818	4.17455622547
60019	819	0.657793508787
60019	820	0.508521140286
630	821	2.59431912572
630	822	4.93882889494
630	823	3.92204617221
805	824	2.06837225533
805	825	4.64273524539
805	826	3.93252481588
4428	827	3.273610483
4428	828	1.60190824206
4428	829	3.60227795252
595	830	3.0759366503
595	831	2.19123814407
595	832	0.865697412685
4879	833	2.10345959362
4879	834	1.02720615437
4879	835	3.79291359674
685	836	0.860386163405
685	837	4.78933033614
685	838	2.37102153899
2057	839	3.54789696526
2057	840	3.77365115351
2057	841	3.97278700739
4507	842	3.17137138209
4507	843	4.9335676194
4507	844	3.27031816384
1564	235	4.29953680516
1564	236	3.8802901493
1564	237	1.42235797645
479	43	3.01820599424
479	571	2.10439066389
479	45	1.92608893008
5340	845	0.504178429207
5340	846	3.78751274744
5340	847	0.522633260501
617	1	1.99332764667
617	2	3.72358826974
617	3	4.96713169498
1018	417	2.27890254517
1018	848	1.0841391791
1018	849	2.32265340286
8366	628	2.79675836577
8366	454	4.90053302657
8366	629	3.28136348901
1622	850	3.89497477084
1622	851	1.17159970818
1622	852	0.921340597401
679	853	1.03022395694
679	835	3.47819173985
679	854	1.01427857703
6353	413	2.59387969247
6353	415	1.86015197547
6353	855	2.44955698643
3679	455	0.857564108353
3679	456	3.93397570255
3679	856	4.6055097491
15663	857	1.77071225718
15663	858	1.32985806288
15663	859	1.8992178674
442	152	3.60973925905
442	153	3.7915214639
442	538	1.21359829444
4559	860	1.99399631897
4559	861	2.29671973656
4559	862	2.02266802256
1459	384	4.82981960828
1459	383	4.22419856888
1459	385	2.39011799323
2882	267	4.13325497652
2882	344	1.93591111027
2882	789	4.80422791023
999	863	0.598867298421
999	864	1.35357423858
999	865	4.76751589306
6103	866	1.09719593737
6103	867	2.26426584193
6103	868	1.31660155678
5746	869	2.72056687785
5746	870	3.7811306434
5746	871	1.32140577958
880	872	4.13584981574
880	873	3.72338168921
880	874	4.52985207853
10406	875	2.93222118348
10406	876	2.01532075733
10406	877	3.67100206887
448	191	3.35256538914
448	192	2.38454157319
448	878	3.24296204363
8840	879	3.6613039186
8840	880	2.73930761265
8840	881	4.87555677647
207	254	4.17152753877
207	255	0.973829493984
207	256	4.61638522007
1744	419	1.6871731662
1744	882	2.25882771685
1744	883	3.42795178582
3122	884	4.21577525022
3122	885	2.94170665103
3122	886	2.08337790638
567	200	1.86550634653
567	887	3.09755974122
567	888	0.980076693354
294	889	3.18805608915
294	890	3.52314255963
294	891	3.91912954876
179333	892	3.24055977772
179333	893	2.9276378778
179333	894	1.58952922565
1012	895	4.43866918585
1012	896	2.55026761594
1012	897	0.549288481722
74411	527	2.15040506039
74411	528	1.72671763557
74411	529	2.13116740579
774	11	4.95103395487
774	473	4.74723022627
774	474	0.637631157256
3185	37	2.01903697083
3185	11	1.79416632345
3185	38	1.70443711355
4081	898	3.51250453688
4081	899	1.82101667781
4081	900	1.7782124734
13155	901	1.66144909814
13155	902	1.41711582543
13155	903	0.932288224099
7363	904	2.23804940594
7363	905	3.99955107559
7363	906	3.04632447715
8878	907	1.73304246014
8878	908	1.12677402869
8878	909	2.1317311021
503	492	3.86638652975
503	493	0.95364280854
503	910	1.81635443351
5362	911	2.29019486981
5362	912	2.28086557844
5362	913	2.88486269362
79468	914	2.64598258009
79468	808	0.789321791237
79468	915	0.79966374397
127	191	2.52801075662
127	916	4.12344123329
127	364	0.768236383849
968	144	0.760941698839
968	917	4.28660873114
968	142	1.62276313256
7084	918	4.33750211928
7084	919	1.01042243474
7084	920	1.43855560562
4451	38	2.99875538307
4451	37	2.43514453476
4451	11	1.89842696302
1105	857	2.52528637934
1105	858	4.98886162378
1105	859	4.79236836173
78242	921	4.86833905107
78242	922	3.61679479758
78242	923	2.79916307475
6260	924	3.32299976074
6260	925	1.46882105232
6260	926	1.33970250241
1372	809	3.83856217181
1372	927	3.14843761066
1372	928	0.727244800564
4706	929	3.85800969228
4706	930	2.09285398784
4706	931	3.63983543557
988	932	3.43848190117
988	933	4.83474692919
988	934	4.15053896069
329	935	2.83507472335
329	936	1.39595650835
329	248	2.17689638868
792	937	4.45829007564
792	938	2.8904599897
792	939	4.57907707462
6534	940	3.0803562767
6534	941	3.9024530134
6534	942	2.07157332334
1089	943	2.5474389647
1089	944	2.822296555
1089	945	2.14085432642
669	161	1.62963692264
669	946	3.321988113
669	188	3.03393575827
364	853	0.978543412678
364	854	1.3755318815
364	835	4.38589070934
58749	38	3.05461645009
58749	42	0.65949203872
58749	37	0.890959813579
6446	11	1.98289093405
6446	474	3.51594716012
6446	473	0.870711823779
81536	143	2.44285705206
81536	142	3.41359891834
81536	422	0.664292039918
703	118	2.19595333507
703	183	2.53565801642
703	184	1.06037488801
611	824	0.698498979053
611	825	3.67340983009
611	826	1.450674268
583	4	4.37176429841
583	5	4.16772148229
583	145	1.68137621024
399	687	1.15149255414
399	688	4.59601305812
399	947	1.07682923987
79341	152	4.0625690797
79341	538	3.16420535899
79341	153	3.60372669548
1782	37	0.541090192826
1782	63	4.94927766905
1782	228	3.09652526258
914	350	3.58102610564
914	349	4.74462448195
914	376	1.1573298394
95	948	3.72966985082
95	949	0.634704227099
95	950	3.21779797582
948	951	4.35194733051
948	952	3.667429645
948	953	4.81919433086
60477	954	0.983554092805
60477	955	4.16337131174
60477	956	4.2859503453
78765	957	4.18998709658
78765	958	3.72028126283
78765	959	1.56383651664
4324	38	1.15939357276
4324	42	3.71920743021
4324	37	3.10351999111
1345	960	1.17221767039
1345	952	4.36648969966
1345	961	4.55256211725
869	962	3.79055390338
869	963	0.630810403634
869	964	1.36062691118
4783	965	3.09811696438
4783	674	4.08784477407
4783	966	3.1207851219
84	270	0.545914136474
84	271	3.33797669631
84	967	4.2784446409
2527	968	1.88170036518
2527	969	1.89807602583
2527	970	2.7392786758
612	971	1.15965530465
612	972	0.889095875328
612	973	1.13183300615
2324	974	2.40471562693
2324	975	4.30568248904
2324	976	3.38975134738
1628	977	2.30221449743
1628	978	2.89071029909
1628	979	0.681036623812
3444	845	4.03806837755
3444	846	2.0294647859
3444	980	3.58410180171
1808	981	3.02101781839
1808	982	3.59801818028
1808	983	3.89822969132
6160	984	1.16525567209
6160	985	3.13726289337
6160	986	2.11766407503
1381	987	3.62210894894
1381	988	4.68754220691
1381	989	4.14021499644
85	631	4.97965694224
85	630	4.82605537057
85	990	2.60710304604
1198	991	1.18951138722
1198	992	2.33855258407
1198	993	3.3909598867
129	658	3.91713052411
129	657	3.1211635177
129	656	0.840775948835
1575	994	0.685062847278
1575	995	3.72562068571
1575	996	4.36736372835
301	997	4.20835240716
301	998	2.59705785873
301	999	1.25709723649
51154	1000	1.11700138397
51154	1001	4.46614611046
51154	1002	2.30009091983
4131	1003	1.81958764882
4131	1004	3.40592648963
4131	1005	2.87294409861
1454	1000	3.6256283884
1454	1001	1.61112999956
1454	1002	2.7820609702
64288	94	2.24192088269
64288	104	1.53276551044
64288	95	0.865201069391
3406	1006	3.53113978374
3406	1007	4.06255409981
3406	1008	1.03204270246
58902	1009	1.52756352978
58902	1010	1.59659734873
58902	1011	4.90540233074
10266	1012	1.36538441515
10266	1013	3.81228071958
10266	1014	4.06745337375
78730	1015	4.61680988036
78730	1016	1.9257368218
78730	1017	3.69558342909
42938	76	2.76468646308
42938	77	4.69324261103
42938	1018	4.27481945049
114	1019	4.1483389374
114	1020	1.20722314514
114	1021	1.1622976509
58696	328	1.29618593558
58696	1022	4.78230832804
58696	1023	2.93210648521
8821	1024	4.32449270119
8821	1025	3.09105193363
8821	1026	2.79478655786
3584	1027	1.12145835343
3584	1028	3.79585061641
3584	1029	3.15382809788
1584	1030	3.635300867
1584	1031	1.3917311284
1584	1032	2.98029401516
341	1033	4.64923588058
341	1034	0.998730955587
341	1035	1.55503762663
1514	562	4.49961956001
1514	563	0.909521387529
1514	1036	3.26449470646
4362	286	4.25393934354
4362	287	0.523591556346
4362	558	2.68228798007
440	996	0.929223227668
440	1037	0.706009484027
440	1038	3.24544767326
126514	1039	0.711819627267
126514	1040	3.21703588828
126514	1041	4.533154691
775	327	1.00674293781
775	329	2.79879114305
775	328	3.82014418807
829	739	2.84716728234
829	193	1.08942559822
829	740	1.95843873415
3736	1042	1.56342967048
3736	1043	2.43016001803
3736	1044	2.11600188858
550	254	2.09089141317
550	606	3.36234663627
550	607	0.897007737917
32942	732	3.82674484124
32942	733	4.68536661589
32942	1045	2.5812153124
353	152	1.18153661432
353	1046	2.01441364576
353	154	1.3034230698
3534	257	1.05297468458
3534	259	1.32950982135
3534	266	2.28184631522
713	270	3.58023129678
713	271	2.52717534559
713	272	3.75921824127
542	626	4.21847121897
542	1047	4.74254313737
542	1048	3.48762733512
2611	1049	3.44816506483
2611	1050	2.44721153641
2611	1051	1.48304836115
25959	53	4.48464553026
25959	54	4.73580569167
25959	1052	3.48356710583
292	286	3.1703628225
292	287	0.663675664076
292	558	4.66871508236
372	333	1.16436248708
372	335	4.7802318182
372	1053	3.47939322109
78586	1029	0.854514686598
78586	1054	0.869386735242
78586	1027	2.65070392337
8030	677	2.54370621445
8030	678	0.836943642219
8030	1055	1.14131035052
1152	1056	1.87852887556
1152	1057	3.9542141004
1152	1058	1.0426656668
258126	351	4.42593470682
258126	352	2.81845887591
258126	692	3.77578126081
4299	1059	4.35022164286
4299	1060	3.54571183523
4299	1061	2.72872584882
8625	1062	4.50736662695
8625	1063	4.6552784045
8625	1064	4.87723313857
3808	1065	0.544436991733
3808	1066	4.88121099628
3808	1067	4.42397293217
5501	251	1.42836926258
5501	252	3.98708710367
5501	253	3.25275878498
623	254	1.45016076205
623	606	4.39178945509
623	627	0.934101771434
492	1068	1.78954380306
492	1069	4.75580047718
492	1070	4.42611553198
1308	1071	1.27558572658
1308	1072	1.06741868827
1308	1073	4.54240956645
3620	257	1.95889300074
3620	259	4.36816199416
3620	1074	3.47723375123
18796	1075	4.82826483219
18796	1076	3.58259540907
18796	1077	0.671190295417
981	761	3.4405764126
981	763	4.9474239347
981	194	3.19988964128
646	1078	2.37962376422
646	1079	4.76697251601
646	1080	4.4370354631
1439	1081	3.90291339668
1439	1082	4.15540236039
1439	1083	2.33061851838
1495	533	1.41551154437
1495	1084	4.76016625646
1495	534	1.66101268767
9598	1085	3.19444409555
9598	1086	2.20515351242
9598	1087	2.44553785338
56436	1088	2.69064425366
56436	1089	3.77243903339
56436	955	2.97549690595
614	736	4.22385977189
614	738	4.45998294078
614	737	4.51053457468
471	271	1.82119695291
471	967	1.71444646619
471	270	3.03481124885
16077	1090	4.07648005924
16077	1091	2.3644316848
16077	1092	2.48951793789
769	1093	3.1197669635
769	1094	2.04377024641
769	1095	2.44818139988
58148	559	1.58927892921
58148	1096	2.38126080208
58148	560	2.72129481398
912	1097	3.03523148661
912	1098	3.27328833029
912	1099	3.88201705798
1867	1100	1.28080202514
1867	1101	2.1044913935
1867	1102	2.75227235278
5149	1103	2.24527881054
5149	1104	2.80995356182
5149	1105	4.60857379676
3583	269	3.23763414474
3583	268	2.980474918
3583	1106	1.14182873857
11200	1107	3.10840173716
11200	1108	4.08125307514
11200	1109	4.31052876802
3741	1110	3.53373927866
3741	1111	1.30602817505
3741	1112	2.13609718669
3065	1113	1.95297377936
3065	1114	1.81746169544
3065	1115	2.45233974649
6310	91	1.00150845417
6310	93	2.38484830716
6310	92	1.69440477156
555	1116	3.4277964378
555	1117	2.33922399503
555	1118	4.71303641954
1204	1119	2.11945266387
1204	1120	3.43087335621
1204	1121	3.56878530492
45941	193	2.66550876993
45941	739	3.98158625655
45941	192	2.33448443734
1230	1122	3.41537110481
1230	1123	0.79103290678
1230	1124	3.20118616157
8380	152	1.58532326234
8380	153	2.93468426181
8380	538	1.68335354388
73930	1125	0.853347228364
73930	1126	3.18834783738
73930	1127	0.922332406
75990	749	4.37098545702
75990	1128	1.45963827233
75990	1129	4.41218270699
3852	1130	4.96073088189
3852	1131	0.749407497473
3852	483	3.92095453155
78496	91	2.17833594657
78496	92	4.83460633157
78496	93	1.3133297331
441	1132	0.62573687576
441	1133	4.85733200419
441	1134	4.34900017848
828	1135	2.74757466743
828	1136	2.30507323128
828	1137	1.95241774778
32267	91	4.82764092605
32267	705	2.51100566401
32267	92	1.85964348859
14546	1071	1.43598085286
14546	1073	3.05975799831
14546	1072	3.2444482452
1579	185	0.70840738079
1579	186	3.11797555975
1579	1138	2.05094894906
34280	42	2.04898001878
34280	1139	0.543462197172
34280	38	3.79167072284
252	37	4.10569403345
252	38	3.62718079737
252	63	3.53489940379
75931	448	3.83743339912
75931	1140	2.33149242234
75931	1141	3.70639883667
69493	38	3.36512714604
69493	62	3.19956054938
69493	42	2.67741441904
34908	91	4.14312310988
34908	92	0.786530418458
34908	93	3.14192726274
14092	91	0.577031340491
14092	92	1.55350957809
14092	93	3.86295645733
78597	118	0.77464143267
78597	1131	3.78132288816
78597	483	0.7214739309
179525	1142	2.34947665834
179525	1143	1.04951173401
179525	1144	1.79498081753
31370	662	4.19348589312
31370	663	4.54890945418
31370	1145	4.95802967436
7681	1146	1.71347542419
7681	283	2.61988428849
7681	285	2.23883725357
1005	203	1.60575578807
1005	204	4.26402205081
1005	1147	2.47761806835
54901	1148	1.22748235431
54901	1149	4.07981986026
54901	1150	3.55919428353
12469	206	2.41175962971
12469	207	3.29838734038
12469	1151	1.34536514436
763	1152	0.580267868972
763	1153	2.99762163528
763	1154	2.66169972333
78575	94	3.80354358768
78575	95	1.71433367872
78575	96	0.932819299487
30828	206	3.6881292674
30828	207	4.19397982711
30828	1151	0.729247442357
8905	1155	3.84977960286
8905	1156	2.70662180988
8905	1157	1.38170437473
42588	118	3.5668721344
42588	1131	1.41810210625
42588	183	4.99387311956
982	1158	4.94836045316
982	1159	4.87907420317
982	1160	4.655769241
59421	1161	3.92047693102
59421	1162	4.67388814628
59421	1163	4.85501774983
76004	1164	1.08096835454
76004	1165	2.07293936783
76004	1166	1.00502990819
849	1167	1.76473941147
849	1168	2.66839278906
849	267	4.83710894912
42363	1169	3.13598525599
42363	1170	2.555601503
42363	1171	3.5683935961
305	1068	1.52275666931
305	1069	0.860471725396
305	1070	3.28484462465
30943	267	2.23539279299
30943	344	4.43395010606
30943	789	2.47085046055
13533	91	1.22240529626
13533	92	2.70030863283
13533	363	1.31089857985
218416	1172	3.50660128437
218416	1173	2.44949626887
218416	1174	3.36093221491
3205	784	2.60554305647
3205	785	3.41741721765
3205	786	2.43346108206
984	168	1.85692160972
984	169	3.65292705898
984	170	4.02588545606
42364	1169	4.6552577147
42364	1170	3.02823822776
42364	1171	2.7972660129
179564	1030	3.84700568821
179564	1175	4.98664234885
179564	1032	3.47425890675
3463	1176	2.58878789729
3463	1177	4.91609876775
3463	1178	3.68172170873
3482	1179	1.24616533071
3482	1180	1.57573350564
3482	1181	3.71962574253
3469	1182	2.59212319821
3469	1007	3.55520638429
3469	1183	4.85209957089
3430	1184	2.06047100389
3430	1185	2.76717202907
3430	1186	3.61008618243
206	1187	3.50939313656
206	1188	1.18758725638
206	1189	2.37098312905
727	1190	4.06413627379
727	1191	2.27833470358
727	1192	2.26151191493
56634	946	3.16653955011
56634	1193	4.77960024825
56634	1194	3.2523833854
4254	1195	2.54005525324
4254	1196	3.14856643931
4254	1197	2.06188267072
3904	1198	1.14059362287
3904	1199	1.032816392
3904	1200	0.818994557281
4536	455	4.64453741793
4536	456	1.31690609564
4536	1201	3.03793618141
4380	809	0.612816006012
4380	928	4.98372869726
4380	927	2.76231256368
917	454	0.827054729634
917	292	4.16306051608
917	1202	1.01775987868
1620	1203	2.45559651268
1620	1204	4.39805483537
1620	1205	3.81862562761
223	1206	3.46266324133
223	1207	4.66112989351
223	1208	4.67136620874
607	1209	1.65097025512
607	1210	2.24002656328
607	1211	2.07385027672
4224	1212	1.59771752739
4224	1213	4.54252735488
4224	1214	3.25304869956
3445	1215	1.48963104285
3445	1216	4.31830190998
3445	1217	3.08405568442
45667	1206	4.00332143428
45667	1218	2.42024559068
45667	1207	2.63851676541
925	1219	2.33769577097
925	1220	2.20609846886
925	1221	1.0773093295
3433	1222	3.88818997596
3433	1223	4.37380889507
3433	1224	4.32185646901
3913	1225	0.870130451367
3913	1226	2.83734899938
3913	1227	4.75612882769
1434	562	4.34547662776
1434	563	0.851157085814
1434	1228	2.39840815287
3567	1068	1.65225676248
3567	1069	0.836492846998
3567	1070	2.55732603961
352	1078	1.50975271725
352	1079	2.32060338373
352	1080	3.32479327335
2195	286	1.05530140187
2195	287	4.50594758655
2195	558	0.503966934934
2265	200	3.74728564422
2265	887	3.55698870341
2265	888	1.5829330103
5718	1229	2.50279584688
5718	1230	3.04773486754
5718	1231	1.17070533303
3486	1232	4.9320230903
3486	1233	1.80221992281
3486	1234	2.79549171175
3461	1235	4.88587119168
3461	1236	3.87281732622
3461	1237	2.44342439706
3476	1238	3.12342575489
3476	1239	3.07659278371
3476	1240	0.766711089743
354	732	2.87657030174
354	733	3.52043940964
354	1045	4.22982720336
654	270	0.842525331904
654	271	3.14354071008
654	967	3.98321600868
741	1241	1.01141190345
741	1242	1.55401956583
741	1243	3.79888632863
4433	282	0.69687402951
4433	281	3.21464385488
4433	280	0.937719568081
7479	235	4.72339773488
7479	236	0.772074742049
7479	237	4.80451273343
218413	1244	1.56031107231
218413	1245	1.89207369253
218413	1246	4.14529400692
1446	448	3.95989076468
1446	1140	3.42891480109
1446	1247	2.90931781711
3441	200	1.54197477819
3441	887	3.02094814128
3441	888	1.10840826112
3439	1248	2.32372979256
3439	1249	1.40257915165
3439	1250	0.630639104418
3889	1251	4.34089711954
3889	1252	3.40053403086
3889	1253	1.21460325869
2513	516	4.58761624296
2513	664	3.47262774791
2513	62	2.45677338313
38	191	4.29395443945
38	916	4.64562334499
38	364	2.76146148465
3508	1254	3.66812537039
3508	1255	0.881019060267
3508	1256	4.33959366233
90	1257	3.99263980884
90	1258	1.38964709475
90	726	0.955486391756
41012	1259	2.94708339378
41012	1260	2.64637466945
41012	1261	4.09238586953
4965	1262	1.51036102419
4965	1263	3.57684817894
4965	1264	4.01271593262
3390	1265	1.34665893719
3390	1266	4.42666829054
3390	1267	2.17775442606
263	1268	1.9124480899
263	1269	2.11265691089
263	1270	1.09811754627
346	152	1.59394269934
346	538	4.56967089965
346	153	1.86386947541
1073	386	4.51421136825
1073	387	3.64688769542
1073	388	1.75222059818
3973	168	2.2948837954
3973	170	1.80261561814
3973	169	3.66764422785
190184	351	1.98080972725
190184	352	3.98502544739
190184	692	4.50615339155
3442	1271	1.97651832458
3442	1272	1.52068734691
3442	1273	4.87288382081
4231	513	3.10142104887
4231	514	1.82095786956
4231	515	1.61812521084
681	483	2.44996320867
681	1131	4.53907404231
681	118	2.17380010262
57469	1274	2.20891254179
57469	1275	1.42213032417
57469	1276	4.7739716011
37534	351	1.82611270729
37534	352	3.22056602723
37534	692	4.53917507551
5548	1277	1.62155023582
5548	1278	3.25212493649
5548	1279	2.65901928817
5537	1280	2.14532991332
5537	1281	3.06286498012
5537	1282	3.30353078653
9172	630	2.12480783807
9172	631	1.73657706943
9172	632	3.92826911678
891	562	0.558852363553
891	563	3.30697002781
891	1228	2.30024021531
10933	559	3.3854677237
10933	1096	2.02336979546
10933	560	2.51159701036
16416	63	2.94135483902
16416	228	0.839102889393
16416	37	1.11446702979
958	75	0.664239139566
958	617	4.892790077
958	618	4.01737111887
209	455	1.64298672653
209	456	1.88108972943
209	856	0.679083513428
4353	1283	3.78984833057
4353	1284	4.20252516136
4353	82	3.39569749571
3386	200	2.94380883611
3386	1285	2.76222160771
3386	887	2.19125118058
3721	186	2.55787215159
3721	185	4.8726977175
3721	1286	1.34793416465
1192	1287	0.910432047445
1192	1288	1.59876235099
1192	1289	3.80026790691
3212	99	4.97265456499
3212	105	4.49199164686
3212	101	2.20257828641
88	1290	3.90395176225
88	1291	1.12952450217
88	1292	4.54213926037
1242	152	1.47447589097
1242	1293	2.24198201969
1242	153	1.44484347435
1234	1294	1.78770850827
1234	1295	4.05934633754
1234	918	3.54195693371
785	550	3.8411802123
785	551	0.512203957673
785	1296	4.85883876002
461	1219	0.954320655216
461	1220	4.42348286916
461	1221	4.65319329949
2068	1297	1.10548537282
2068	1298	3.32437817855
2068	1299	2.85338715077
4699	1300	3.07714782444
4699	1301	0.704969878615
4699	1302	3.02494835608
78024	1303	2.68157382268
78024	1304	0.774469324136
78024	54	3.30712525562
1756	121	1.42168877937
1756	123	4.4080918459
1756	224	3.24729809463
431	1291	1.45543657423
431	1292	4.8699894006
431	1305	2.96282180038
2506	619	3.64286104247
2506	321	1.69970454999
2506	323	2.92537985102
3098	1306	1.07128162753
3098	1307	3.44120993923
3098	1308	0.975760401658
3256	1309	4.00591057786
3256	1310	4.69094623525
3256	1311	2.47432585954
1060	824	2.9689572158
1060	825	2.24191396223
1060	826	3.21177247599
1221	1312	4.56629335547
1221	1313	2.65251830196
1221	1314	3.28929630715
4245	1315	2.35281329145
4245	1316	2.67294495625
4245	1317	3.39476993999
78827	1318	1.595529362
78827	1319	4.45390633045
78827	1320	3.31325941609
3826	77	1.41488313793
3826	76	4.78677189323
3826	1321	0.544063121028
5274	310	0.673666613511
5274	311	2.93405071404
5274	312	2.280348858
1850	1322	3.59459918024
1850	1323	3.5103075261
1850	1324	1.75218490034
1916	726	3.10570458473
1916	725	0.900402426767
1916	1325	4.43989709324
738	82	4.54592579097
738	1283	0.756107628447
738	1284	2.4305442642
724	1326	4.54308797219
724	1327	3.14128408445
724	1328	2.65199061542
4095	1329	1.8278486905
4095	1330	3.84511553456
4095	1331	0.934442094416
852	1290	2.22864652482
852	1332	1.38793947182
852	1291	4.69316871716
602	1333	3.07339930566
602	1334	1.5628669608
602	1335	3.4720882536
16312	1336	4.16190054406
16312	1337	3.04027520958
16312	1338	1.60158060317
3491	1339	0.500266905768
3491	1340	1.29875155591
3491	1341	0.709924992933
494	1342	4.64499263831
494	1343	1.05391241008
494	1344	4.66242811838
4340	191	2.49796659445
4340	916	4.82876012521
4340	364	2.71420910686
1723	1345	4.81019296337
1723	1346	4.97166332608
1723	1347	3.86893131616
4481	1348	2.47331067928
4481	1349	3.49170348902
4481	1350	1.81916604351
721	1351	2.50407792097
721	1352	3.33684329117
721	1353	4.75914823617
762	1006	1.65431852686
762	1008	1.17352885976
762	1354	2.91687850607
2730	386	2.48706927464
2730	388	3.1240160885
2730	387	4.76507619417
2284	1355	2.59507596496
2284	1356	1.05034452868
2284	1357	4.2595404921
45920	1358	2.97976476175
45920	1359	4.39868742391
45920	1360	4.02500841686
2135	1361	3.52419070706
2135	1362	3.85497913001
2135	421	1.02209547902
4142	1363	4.18219524695
4142	1364	0.500128831531
4142	1365	4.30572048426
622	863	2.73802171337
622	1366	1.19379265432
622	864	1.87296970764
434	62	2.12100058667
434	516	4.84193745449
434	517	4.68674412748
98	1367	3.88548810308
98	1368	3.70546514859
98	1369	0.544470478281
12534	1370	4.27976266355
12534	1371	2.53324175387
12534	1372	3.54520503229
56779	687	0.683170308818
56779	688	3.14572704997
56779	689	0.599343921815
15808	825	2.24356917323
15808	824	1.00493552717
15808	1373	1.08609209557
1194	310	3.82192087364
1194	312	1.02190928863
1194	311	4.50512607305
940	1162	1.62483740866
940	122	1.33448755197
940	1374	2.60997220496
957	1375	2.20556264544
957	1376	2.48380975267
957	1377	2.15937358605
1064	1378	3.82784263973
1064	1379	1.32520103597
1064	1380	2.6757887204
1470	790	3.555819044
1470	791	4.57273283286
1470	792	1.41782455098
179847	1381	2.29895361051
179847	1382	4.56971652863
179847	1383	4.948660742
5462	1384	3.36165627306
5462	1385	3.35840241955
5462	1386	1.09307731739
3600	1387	3.7067869686
3600	1388	2.34853038144
3600	1389	3.33979574622
4873	1390	2.24243914275
4873	1391	1.519831037
4873	1392	2.6721474564
2516	1393	0.708859599649
2516	1394	1.69038988038
2516	1395	3.80870041936
1263	1378	0.82501506395
1263	1380	1.98986384821
1263	1379	1.96555335325
2902	11	4.3872029757
2902	10	2.66826129778
2902	12	3.35652205173
4138	1396	4.12616515067
4138	1397	2.80228774733
4138	1398	3.07383969422
113	1399	1.01083478984
113	1400	4.5193993347
113	1401	4.0150265157
1883	1402	3.21144304227
1883	1403	4.23527223088
1883	1404	0.945302911609
1368	230	2.58011915789
1368	229	4.90772987709
1368	231	3.4759284344
13129	1405	1.47483662577
13129	1406	4.25211295744
13129	1407	0.783020010728
11491	1408	3.97958333801
11491	1264	4.3082690726
11491	1409	3.91600303359
5790	1179	3.96955624979
5790	1181	0.601221467471
5790	1410	3.19717789639
883	1411	4.69873109421
883	1412	4.62908856249
883	1413	3.24076228221
14574	971	1.02730546608
14574	972	4.29733918121
14574	973	4.51492279047
4595	1414	2.19946046884
4595	1415	2.85521466412
4595	1416	2.0296601855
1574	263	3.61725644768
1574	264	2.21375628913
1574	265	1.01565357251
3480	911	3.36989943325
3480	912	1.05857987838
3480	1417	4.28502459069
363	200	2.73909957215
363	887	0.694721097233
363	888	0.976581604512
7427	1418	0.895437918199
7427	1419	2.52871393487
7427	1420	2.02157463493
2958	659	3.25851969233
2958	660	1.27727720026
2958	1421	4.67485559237
7982	1422	3.66352610978
7982	1423	3.75171981913
7982	1424	4.24956450249
698	1425	1.19955814767
698	1426	0.942557623755
698	1427	1.60270718094
1491	327	3.49856917274
1491	328	0.975717736191
1491	329	3.90283120126
4333	1428	1.78674833681
4333	1429	1.44613547604
4333	1430	3.80240882107
1043	544	2.20227945867
1043	545	4.09185906692
1043	546	3.72997397858
369	1367	0.856828494602
369	1368	3.81771577477
369	1369	3.51532633985
3395	1431	3.98817624838
3395	1432	4.57040195606
3395	1433	3.13383772173
12359	1434	3.55809690706
12359	1435	2.95287997543
12359	1436	3.3263602553
1023	286	3.022691829
1023	287	4.54969158717
1023	288	3.73412783087
356	357	4.35534624156
356	358	1.58904847707
356	359	0.948398635145
1094	1290	3.39691379999
1094	1291	2.96901960791
1094	1292	3.83500490032
55860	1437	3.78641663696
55860	1438	4.14167326507
55860	1439	4.43122280464
314	1440	2.56046417449
314	1441	3.61170717256
314	1442	4.9061264109
3558	1443	2.8006502661
3558	1444	4.43808032218
3558	1445	2.58867659057
2602	612	1.58857271983
2602	611	1.42072477971
2602	613	2.34733150837
42782	1446	2.53139262469
42782	1447	3.4302247912
42782	1448	4.28722566708
4172	1449	2.68690315678
4172	1450	4.13997859951
4172	1451	2.89401730779
514	1452	1.91835696169
514	1453	3.72699005238
514	1454	2.57731698887
943	1235	4.3681224417
943	1455	2.66021829834
943	1456	1.45747922301
61312	908	0.526726050528
61312	907	3.34234403626
61312	909	2.79421010345
906	284	0.842627311989
906	283	0.710065120936
906	285	4.81311908166
2280	1457	4.78065755116
2280	1458	4.36385094124
2280	1459	3.05458899412
2223	269	3.97120268195
2223	268	3.10127665504
2223	1106	2.58502483138
715	1460	2.21370724143
715	1461	3.84615179257
715	1462	4.00749026485
1509	683	2.98680671088
1509	684	1.72488365677
1509	685	3.62805472845
82892	1463	4.59768132109
82892	1464	3.46315050759
82892	1465	2.12719273195
6316	118	1.77612311166
6316	1466	4.86685520168
6316	183	1.47113581521
4226	1120	0.592893605072
4226	1429	2.0819127561
4226	1119	3.49460280977
82354	516	1.56998763845
82354	228	4.59015625241
82354	63	3.34386223635
3662	683	4.67805812528
3662	684	3.52402236936
3662	685	0.539525624952
33802	102	2.81346123231
33802	1467	1.2324085554
33802	94	2.57166397129
30549	1293	3.46265679328
30549	1468	4.5254006253
30549	153	3.51860979032
57852	63	0.7653661742
57852	228	4.97889242644
57852	1469	1.86267596482
5629	1470	3.25285717262
5629	1471	2.89411051697
5629	1472	4.13013541976
761	674	2.33981119586
761	284	4.95044645594
761	965	4.0590831621
2497	1473	4.2428673876
2497	1474	2.68838250657
2497	1475	2.75958316324
3121	747	0.75347710234
3121	748	0.556943862061
3121	1476	4.67134619457
737	1477	2.97791547367
737	1478	0.692090020838
737	1479	4.07953119177
133288	119	1.24004188537
133288	1480	2.22247648948
133288	1481	1.32611911766
36065	1482	0.770940764854
36065	1483	4.00324451894
36065	1484	2.31516084127
12319	91	4.22017431117
12319	92	0.500970795172
12319	363	1.15038668516
857	1485	2.15091355116
857	1486	2.55969987963
857	1487	1.87282994858
2896	1488	2.7971181487
2896	1489	1.34538728735
2896	1490	4.69225456886
30922	628	3.50260158056
30922	1491	0.917255791817
30922	454	4.21130265947
927	1429	2.39016104193
927	1430	0.559544806254
927	1428	3.23905375149
29143	252	3.23649599402
29143	251	2.78677265997
29143	1492	1.40024808912
7869	269	3.59381137102
7869	1106	4.8713050731
7869	1167	4.38201604725
7441	1139	3.13103329464
7441	42	2.25700330166
7441	1493	4.14150943937
75932	1494	3.39867511363
75932	1495	0.52657369975
75932	1496	4.2220064936
1261	318	0.577474190019
1261	1497	1.57069291615
1261	316	2.22828207046
56718	947	1.04036401498
56718	1498	1.65565960044
56718	1499	3.64104537533
3456	1500	2.49163689958
3456	1501	3.03126208472
3456	1502	2.48170323155
1637	1503	0.833034471554
1637	1504	0.823343744515
1637	1505	4.6841893874
3447	1506	3.0774980916
3447	1507	2.55987951174
3447	1508	2.01530212397
803	200	1.61910174123
803	887	4.38300958815
803	888	2.93059174036
107	584	0.968985100593
107	586	4.38922597273
107	585	0.964730018511
2342	752	2.18439779797
2342	753	3.9864693912
2342	754	1.66480908881
123	282	2.72076258307
123	280	4.2220781103
123	281	2.01927834897
3607	1509	0.709680503329
3607	955	1.71300130029
3607	956	2.65934798935
3452	1081	1.86397928117
3452	1083	4.78102357354
3452	1510	3.84391253373
3540	277	0.593870380446
3540	633	3.58332575266
3540	628	0.548444445936
4436	229	1.70953803783
4436	230	3.687381254
4436	231	4.12273349003
1283	1511	2.0114573313
1283	1512	2.62471769918
1283	1513	1.26755555999
655	1514	3.02226627075
655	1515	4.42787077643
655	1516	4.66713446279
464	1517	4.13736461537
464	1518	0.667362286769
464	1519	0.769495064676
1445	1520	3.40075705767
1445	1521	4.90258680612
1445	1522	4.57642679274
1349	678	0.858399737345
1349	677	2.71615151598
1349	1523	3.32693643979
2683	1524	2.25486222305
2683	1525	0.971033073891
2683	1526	2.90429473783
3222	1527	3.49432671798
3222	1528	3.9903526881
3222	1529	3.62456808544
111	1530	1.52857520047
111	1531	4.54481642894
111	1532	2.60418752355
