2959	1	3.21007447758
2959	2	0.739434230376
2959	3	1.82660081908
3893	4	1.76631563754
3893	5	2.57898060065
3893	6	3.52898410602
2953	4	1.3334848766
2953	7	0.541548207365
2953	8	2.59605471718
4458	9	4.79133861854
4458	10	4.1065822712
4458	11	4.20847073262
2942	5	1.48280257748
2942	6	3.57892260968
2942	4	0.99751002916
2940	4	4.10110818208
2940	5	3.42953372733
2940	12	1.2364182146
2956	5	3.23104321347
2956	4	0.589094972872
2956	6	2.52232586531
3603	13	4.78996091256
3603	14	3.31707279933
3603	15	2.19224288713
4115	5	3.90639236936
4115	16	2.70195294847
4115	17	3.50133933551
1970	2	1.47507960367
1970	18	1.4643790498
1970	19	3.40971377213
2924	5	3.18394021942
2924	6	3.54903897866
2924	20	4.13654277205
2946	5	0.821955124561
2946	16	4.99540450178
2946	17	2.5649115548
3182	4	1.3039662284
3182	12	1.42688326582
3182	5	3.96284229264
4371	4	4.98280443671
4371	5	4.93251941622
4371	6	3.05581357855
4412	6	1.64574970467
4412	20	1.7941326204
4412	21	1.70070201434
2969	5	4.80995858157
2969	6	0.910284196737
2969	20	2.51490812984
4354	5	2.68682663081
4354	4	4.97363752752
4354	16	3.82266895489
3897	4	3.61156656447
3897	5	4.06451064753
3897	12	0.664418263719
3183	4	1.08196234899
3183	12	4.35405188798
3183	5	4.65969425114
836	5	0.835753432932
836	4	4.95890913536
836	6	1.78768146436
2963	5	2.9227867103
2963	6	4.68612976177
2963	16	3.46263083368
4321	22	4.84367237915
4321	23	2.85635396283
4321	24	4.5232663796
58749	6	4.05134386464
58749	20	1.88525753229
58749	5	1.42509721867
2952	7	1.52902068664
2952	4	2.6750625116
2952	8	0.600625639439
3185	5	2.26630148705
3185	4	3.05237378202
3185	6	3.02599223361
3187	25	4.04051458367
3187	26	4.2029677937
3187	27	3.34743842
771	28	1.72275078368
771	29	1.38505504679
771	30	1.56045432958
5334	31	1.1097064785
5334	32	2.30268269201
5334	33	2.14444145305
5344	34	2.77968337272
5344	35	2.44519693943
5344	36	3.71294288422
5349	37	3.94101693892
5349	38	0.954990926794
5349	39	3.71701297357
4319	40	4.29655200107
4319	41	3.99577038527
4319	42	4.71454272751
987	43	1.25186461854
987	44	3.38184551636
987	45	3.14240145117
2954	46	2.98782163562
2954	47	4.60911128733
2954	48	2.50368177378
1543	49	4.17285684854
1543	50	4.71867386648
1543	51	4.57155982045
14438	52	0.67316853633
14438	53	4.30079406904
14438	54	2.91143342189
8948	7	2.86386480559
8948	4	1.54248139126
8948	8	1.89224443213
181	55	3.2647031777
181	56	2.87553420888
181	57	3.53094471375
3455	58	3.63342456685
3455	59	1.01130791147
3455	60	1.73696855805
77657	61	2.67787196186
77657	62	3.39668012118
77657	63	3.84274952869
69827	64	1.32178874295
69827	65	4.63470587115
69827	66	4.66098021246
1352	67	4.36604201412
1352	68	0.519026146772
1352	69	3.29115238215
806	70	3.46526916466
806	71	0.573811003721
806	72	0.854060197927
4414	73	4.15574164837
4414	74	3.15295719205
4414	75	2.93357246991
1334	76	2.33518475512
1334	77	4.2119867493
1334	78	4.45644185228
53719	79	2.57287188237
53719	80	4.56032417357
53719	81	3.34569983954
4305	5	1.20114016925
4305	6	2.39247991994
4305	20	1.53714128456
121	82	1.33567247881
121	83	3.06532758759
121	84	1.54615126969
519	85	3.49729437744
519	52	4.9443457415
519	54	2.0288078836
3472	86	3.80405403617
3472	87	2.84613038226
3472	88	0.956396965807
153	89	2.67280444519
153	90	4.04841234028
153	91	2.3831460753
150	92	3.19191845359
150	93	1.6193467382
150	94	1.99980819377
2302	5	4.09147072589
2302	6	1.34584905573
2302	4	1.88235044254
1522	5	1.19506785803
1522	6	1.72171658218
1522	4	3.1136029583
3181	4	3.95204138004
3181	5	2.76004360943
3181	12	2.70599513773
55374	95	3.1380028238
55374	96	4.74018456836
55374	97	3.78961482644
204	98	0.886495083319
204	99	2.12889867949
204	100	3.65029113238
180	101	2.06488743919
180	102	4.69960153397
180	103	2.64012042156
4367	6	4.3840957942
4367	20	0.896778304462
4367	21	4.10919319271
2928	5	3.5837736641
2928	6	3.76895368467
2928	16	2.9984072001
1879	104	3.96715770529
1879	105	3.52577221257
1879	106	4.62652258736
804	107	2.76575984913
804	108	3.96653121408
804	109	0.748235647196
517	110	3.65470660777
517	111	2.2590086126
517	112	1.30715601895
3450	113	3.14404443139
3450	114	2.82812743298
3450	115	2.81362931962
120	116	1.68405252506
120	117	0.575761550333
120	118	1.04989893905
214078	119	2.87833071656
214078	120	0.986722540545
214078	121	4.48275808735
13717	122	1.7752690605
13717	123	3.33829831472
13717	124	1.11879681984
1373	125	4.15758874006
1373	126	4.57676172792
1373	127	2.52769771921
139408	128	3.93581358036
139408	129	1.89909097041
139408	130	2.3217379005
1326	131	1.20375125487
1326	132	4.11150971456
1326	133	4.73836921849
2197	119	3.85088837539
2197	120	1.36784369859
2197	121	3.61499365217
182	134	4.94301124721
182	135	3.11851869076
182	136	1.09084474243
5352	137	2.92490713396
5352	104	4.01430205097
5352	138	0.510063072298
1544	139	1.0494481138
1544	140	2.69965391002
1544	141	1.57386535364
1027	134	3.58190393665
1027	142	2.62182297036
1027	136	2.9263071322
3189	4	0.543827332902
3189	7	4.79478691182
3189	8	3.43871092167
1356	143	2.96257293412
1356	144	0.860725009367
1356	145	0.708827917743
951	146	4.34562734294
951	147	3.36510042951
951	148	4.05175244424
986	149	1.03771796085
986	150	0.710758705845
986	151	3.23352490553
6847	152	3.1718602051
6847	153	2.84933623456
6847	154	4.07249344142
137	155	3.76825904898
137	156	3.25025853196
137	157	4.33642212121
183	158	4.08494494398
183	159	4.88099063666
183	160	0.688948920476
91	2	1.3659574259
91	1	3.71684856893
91	3	3.63715705931
1367	161	1.19133994725
1367	162	4.16450129868
1367	163	2.94833772119
776	164	4.5115637032
776	165	3.83621097775
776	166	1.6163302039
798	167	1.76696557974
798	168	1.50883179143
798	169	3.22696948377
179515	128	1.02663774549
179515	129	0.508275447437
179515	130	1.75304591415
60271	170	3.47456367982
60271	171	0.678960974386
60271	172	3.41403315208
357	173	4.01920656293
357	174	1.73859826065
357	175	4.93893859184
1728	174	3.04423698065
1728	173	3.88039906789
1728	176	3.26085909124
3886	46	1.05780855648
3886	47	4.51571608621
3886	177	1.84787767021
3813	178	1.64877792776
3813	179	2.48119546813
3813	180	0.629343420679
748	181	3.78124851708
748	182	0.66589336743
748	183	4.5342008538
1817	184	3.42882249497
1817	185	0.850566580417
1817	186	4.6031072232
3661	25	2.36629648574
3661	26	0.733529459274
3661	27	0.578057722033
13837	187	3.15279474022
13837	188	4.98097921313
13837	189	3.40511645982
13618	190	1.28435505924
13618	191	1.32058782382
13618	192	0.853776121904
2428	4	4.33003322399
2428	7	2.61360593167
2428	193	1.20920284195
1722	194	4.20704504749
1722	195	1.20407746481
1722	196	4.93158601408
469	131	3.75430339585
469	132	2.05948474709
469	133	1.01098055312
9102	197	1.73076162498
9102	198	2.82385387119
9102	199	4.07382360354
1150	200	0.650528170143
1150	201	3.51171390203
1150	202	1.96455382398
126	203	4.10121401275
126	204	2.16170658154
126	205	4.97724168008
54234	73	2.88756896503
54234	206	3.07239957604
54234	207	1.75432136664
3473	208	0.540219020915
3473	209	0.698143383721
3473	210	4.05688727601
9352	211	2.93875086208
9352	212	2.85165378274
9352	213	3.08278340757
2067	214	3.48582216097
2067	215	1.59243783138
2067	216	2.43582161594
59984	217	0.558268883948
59984	218	2.06523096551
59984	219	2.01113101419
135	220	4.89891657497
135	221	0.60332237747
135	222	3.29036843212
779	119	2.41976016147
779	223	0.967215776847
779	224	4.32736621845
2961	200	0.624058231675
2961	225	2.84946873651
2961	202	4.43872440245
1430	226	4.87904707281
1430	227	1.24357073827
1430	228	1.0605546337
1243	229	4.65497369536
1243	230	1.08529594224
1243	231	3.81889405122
136	232	2.73999748382
136	233	4.83448052632
136	234	2.23984439791
1658	235	4.06129437108
1658	236	4.01990192683
1658	237	1.62269566852
2964	85	2.880949662
2964	238	4.41109648165
2964	239	0.571112889018
7515	98	4.68702376462
7515	99	0.744462867434
7515	100	4.63304343844
3883	85	0.607764087069
3883	54	2.2134515539
3883	239	1.49995080617
131913	240	3.09360370789
131913	241	2.09300418453
131913	242	2.75610634262
5090	243	3.66224105693
5090	244	3.14442586641
5090	245	4.69843077527
33867	246	3.89233175809
33867	247	2.55434954681
33867	248	2.83808581109
777	249	3.12847278776
777	250	2.46939384506
777	251	2.96416896649
2948	5	4.19567851696
2948	6	2.06573758748
2948	16	1.61024588283
7039	164	4.07719167912
7039	165	1.25289005647
7039	166	3.57451497146
1096	252	4.24872410528
1096	253	4.24647012434
1096	254	3.07559302791
484	255	4.8988767389
484	256	1.31714232457
484	257	1.22714265967
8947	6	4.8169285954
8947	20	0.91906941578
8947	5	0.883639090252
3186	5	3.60369120974
3186	6	4.19695927397
3186	4	4.31468576531
42122	197	2.17570711215
42122	199	4.80402925277
42122	258	3.50779126407
70820	85	3.94177789089
70820	52	4.29750693254
70820	53	4.86526333862
3193	158	2.76551739919
3193	160	0.5278236701
3193	259	1.51936175179
1721	117	4.34183630899
1721	116	4.79004823423
1721	118	1.35977892697
2930	5	1.52195088178
2930	6	2.72849183138
2930	20	2.85034708218
2935	5	3.35636514285
2935	6	4.37468730634
2935	4	4.10149278481
3423	260	1.10769041246
3423	261	1.34661146439
3423	262	3.99940812116
4401	4	4.82616662715
4401	6	2.11297165304
4401	12	2.05683108688
94	263	4.78078476743
94	264	4.7373415764
94	265	2.57838758325
4375	4	0.936875078521
4375	6	0.598273073126
4375	12	3.1010090922
3458	266	3.49471703597
3458	267	4.58056897738
3458	268	1.25370669519
57227	139	3.24754498983
57227	141	4.07295233079
57227	131	1.54205749214
493	269	0.881969246965
493	270	4.57848404026
493	271	1.24132048443
3015	272	2.39152902624
3015	273	4.2600826235
3015	274	2.24582639638
4307	54	1.58460866321
4307	275	1.05721197025
4307	85	2.99724025682
4498	149	0.617393380829
4498	150	4.00747600202
4498	151	4.72566635602
2929	4	0.815478675812
2929	6	1.74408368277
2929	12	4.18473071166
3693	276	4.03491526348
3693	277	3.72535183015
3693	278	1.88042624134
3859	279	3.00939888345
3859	280	4.68853294317
3859	281	3.50570416676
1813	282	1.78665389728
1813	283	2.85508934207
1813	284	3.50272795863
207	285	0.757223199974
207	286	2.2730863661
207	287	2.518983191
1215	288	3.90303540947
1215	289	4.38180593627
1215	290	1.76255633762
2149	291	2.60427986169
2149	292	1.2267240557
2149	293	0.949402916915
7023	294	1.8934432495
7023	295	2.5023118529
7023	296	3.56353843659
4018	285	2.882081298
4018	286	4.18550803191
4018	287	4.34669544796
117	297	1.70145917042
117	298	3.42770893585
117	299	4.51287319632
4617	300	3.88087914173
4617	301	2.24863890986
4617	302	4.56284161329
110013	297	3.07062205087
110013	299	3.74082245001
110013	303	3.79247348809
599	304	4.76214239175
599	305	2.13111281568
599	306	1.14813684676
4369	307	3.70763978551
4369	308	0.810412532271
4369	309	4.6375454819
8355	297	1.97616111581
8355	298	0.539391733337
8355	299	3.94461979434
2153	310	4.10497259242
2153	311	3.46805641271
2153	312	3.43979251266
161063	313	0.619978038285
161063	314	2.79889843132
161063	315	3.16975184341
1476	316	3.65574954018
1476	317	3.05233392016
1476	318	4.5745727538
719	85	3.29284862819
719	238	4.79650659399
719	319	3.75921182619
55006	320	2.2425912341
55006	321	2.9515676389
55006	322	2.34885346002
4413	307	1.82082903196
4413	308	2.60557302198
4413	309	1.18261574661
8910	221	2.36630709056
8910	220	1.0944233529
8910	222	3.22576309834
1516	323	2.87751562221
1516	324	2.54450447543
1516	38	2.51691222581
3406	325	1.11577115389
3406	326	2.98987673424
3406	327	4.49464690447
32007	2	3.46245503329
32007	18	4.27938629387
32007	19	2.99915593341
7824	328	4.37301135169
7824	329	4.1680872056
7824	330	1.56508988789
420	331	0.739682756193
420	332	3.4050726499
420	333	1.27133842896
507	334	0.917500210946
507	335	4.68268097714
507	336	4.02603413851
3426	337	1.06067836055
3426	338	2.57191593275
3426	339	4.50333110659
82692	340	0.675731648047
82692	341	2.5287132924
82692	342	2.5958882722
405	343	4.3285386593
405	344	0.909033271651
405	345	3.54651030481
1515	346	2.70466229397
1515	347	0.591945539104
1515	348	4.68591083681
161674	349	4.45386644844
161674	350	0.969709730749
161674	351	4.81982522424
1049	352	0.768016032242
1049	353	3.1584870923
1049	354	1.42515616453
328	355	1.86893454971
328	356	4.54457273052
328	357	1.10108235352
3427	358	2.27907704374
3427	359	4.89832046361
3427	360	2.32098712806
5929	328	1.19599716848
5929	330	1.91030131941
5929	329	4.22444986302
3467	361	0.763255242767
3467	362	3.02039435791
3467	363	4.60888869088
359	122	0.560552117067
359	364	3.17946288832
359	365	1.02737387981
1429	366	3.23010981747
1429	31	3.80288412811
1429	367	2.18437611529
451	368	1.29610073195
451	369	4.58258163401
451	307	3.46379543846
4405	370	2.77542461842
4405	371	4.68497376395
4405	372	3.95430672553
2965	373	3.45406697625
2965	374	1.51644487525
2965	375	1.43431594721
716	376	2.79560438488
716	377	2.07718253908
716	378	0.920647773644
5183	379	4.51122610579
5183	380	3.02291659118
5183	381	0.576017841057
4960	382	3.21589359685
4960	383	1.20933625051
4960	384	2.66595792626
16898	385	4.31417863128
16898	386	0.810768079477
16898	387	1.21263400925
835	308	1.36765999016
835	309	1.46344966011
835	307	4.24314653981
7697	264	3.71069823999
7697	388	2.24659724787
7697	265	1.16533145902
562	220	2.49966155978
562	221	3.85886200728
562	222	1.84954814605
78758	389	1.89799461354
78758	390	3.82552639409
78758	391	3.41781676798
9827	294	3.54759014759
9827	295	4.74789408905
9827	392	1.8859914859
13270	393	0.846361543026
13270	394	1.47535596801
13270	395	3.39150489166
3121	396	1.49300722573
3121	397	4.67285192595
3121	398	2.09601505739
187	399	3.22209041594
187	308	2.11422093438
187	400	4.784650639
1082	38	1.8776024834
1082	37	4.3127421115
1082	401	0.804099731193
6310	128	2.78555989692
6310	130	1.06323857141
6310	129	3.37343583709
78722	402	0.830247079194
78722	394	2.79569969814
78722	393	1.75389414303
42278	403	2.84718898598
42278	404	1.89053036914
42278	405	2.03466942491
41977	406	2.19493813745
41977	407	3.46587191301
41977	408	3.56698269349
1933	409	0.804008342157
1933	410	2.56530982927
1933	411	3.22432038747
3593	412	1.35529320141
3593	413	2.05573877195
3593	414	2.21472821711
36485	128	4.2270658762
36485	129	4.48111939294
36485	415	3.55382995709
1296	416	1.81397588057
1296	417	1.5627154875
1296	418	2.03398248749
53398	419	0.778809293966
53398	420	4.62473535561
53398	421	1.82144822894
585	220	0.51256921295
585	221	3.73484158633
585	222	3.92767018046
112	119	2.90602530854
112	120	4.10907658259
112	422	1.36668984338
2478	423	2.93518114292
2478	424	4.51591504759
2478	425	1.57034834479
3902	393	2.53726828401
3902	394	1.80747623301
3902	395	2.40549051823
297	426	2.05926206557
297	427	2.7541922187
297	428	3.42710395218
5161	429	2.62214477262
5161	430	0.819020254591
5161	431	3.36679538529
1548	432	0.8992486334
1548	433	2.84907529411
1548	434	4.54174820596
746	435	0.884724004067
746	436	3.14116010761
746	437	3.70368439784
243	194	2.99878371021
243	195	4.11658307165
243	196	2.59387232214
572	438	2.30299562357
572	439	2.85725667233
572	440	2.7591298155
747	85	0.895319614482
747	53	3.45427991775
747	52	2.6783349437
3422	441	1.09076139343
3422	442	3.65795325933
3422	443	0.957971657922
674	444	2.30262274042
674	445	0.663173907829
674	446	1.19722214176
1202	447	3.90649237751
1202	448	4.81163701603
1202	449	4.13569518952
7655	450	1.69909056657
7655	451	1.1643149756
7655	452	3.40754791875
2933	4	0.843880687638
2933	5	2.47405844521
2933	6	1.15072430321
3882	6	3.47545764913
3882	5	3.56499828622
3882	20	2.51762996924
4203	453	4.83827204069
4203	454	3.42056065332
4203	455	3.13908844798
252846	456	1.16396879213
252846	457	3.41358598742
252846	458	2.08378277089
1500	459	2.21115758182
1500	460	2.74328703579
1500	461	3.85342215309
734	462	1.0208722824
734	463	1.13641773325
734	464	3.82359129633
3453	465	3.04137789712
3453	466	4.85634679037
3453	467	1.93878615164
4208	133	2.47107071117
4208	468	4.47278684252
4208	469	2.4528080735
600	173	2.15414157242
600	175	2.16190000858
600	176	2.47988401574
7546	470	3.07604908116
7546	471	2.6737936278
7546	472	0.609103183942
1017	473	2.24192560158
1017	474	1.17502231774
1017	475	3.7407630963
3459	476	4.82818516604
3459	477	1.68685278067
3459	478	3.24214850662
3148	479	3.09653269141
3148	480	0.774624581006
3148	481	2.31307360367
430	194	0.795052284402
430	195	2.93025399227
430	196	4.2672864113
2652	217	2.64805721596
2652	218	2.45912391998
2652	219	3.72400205044
108	482	2.84495889485
108	483	2.68370898101
108	484	2.27424274905
1786	485	1.83413991449
1786	486	1.85623992861
1786	487	3.45761057797
8609	488	3.71930785334
8609	489	1.73659853938
8609	490	1.82445560969
3437	491	2.14379408169
3437	492	2.35208406624
3437	493	3.96370418033
1952	235	3.52429115844
1952	494	0.695189503539
1952	495	3.45846117747
1410	496	4.93430734599
1410	497	1.94982884355
1410	498	1.53431815343
4318	499	0.544569845952
4318	500	3.18104986857
4318	501	1.76731177696
331	502	1.43420417562
331	503	0.733138254638
331	504	2.06992255898
5339	331	3.24235011091
5339	505	3.92291925131
5339	506	4.79656702741
843	507	2.5050001588
843	508	4.50162263022
843	509	1.52976687483
540	510	1.55580842799
540	511	4.1213087609
540	512	3.76062365299
58366	513	3.95876750451
58366	514	3.91756005809
58366	515	2.49860704988
961	516	4.62750888606
961	517	2.40950086588
961	518	1.99531113367
12557	519	4.08557298551
12557	520	1.54409814711
12557	521	4.76032570055
45816	522	2.71858987797
45816	523	4.03643888656
45816	524	3.30073566373
343	525	3.46380398488
343	526	2.58784112379
343	527	3.6003659959
3590	528	3.22805209283
3590	529	4.59073274267
3590	530	2.18068328199
3188	131	3.35973964617
3188	132	2.13612136064
3188	133	3.75009641746
712	73	2.92807389114
712	206	2.37956156971
712	207	1.85967467277
6639	4	1.14575661078
6639	531	3.75578723984
6639	532	3.93720366722
510	533	0.95263620434
510	534	1.5934431791
510	535	2.83902762965
2135	536	4.62600170737
2135	537	3.38339938264
2135	475	3.26096303781
3234	472	4.20314440706
3234	25	0.526421771679
3234	27	2.2128002704
212	43	0.500020727208
212	538	1.30500519092
212	539	0.552692117587
3202	540	2.75580398385
3202	541	2.23791045514
3202	542	4.4655553394
3887	543	3.08743828728
3887	544	4.72358701086
3887	545	4.89068695417
8906	5	0.616436327242
8906	6	2.58899756007
8906	16	2.33031908381
37729	546	0.954614753344
37729	547	4.75722870864
37729	548	2.0795671221
2452	2	3.40428863033
2452	1	3.67648859737
2452	3	1.19032625318
551	549	3.18908392017
551	550	3.6825065415
551	551	1.92427839361
139	128	3.66230306098
139	129	0.912104808764
139	130	2.14487576475
92	552	4.5519268965
92	553	2.09507529412
92	554	3.54295543713
342	269	2.84320322881
342	270	0.790434613637
342	271	2.63580173311
1811	555	2.99204521635
1811	556	1.91690860986
1811	557	1.08973307445
67633	558	4.92615887923
67633	559	3.99586822139
67633	560	4.3495293016
962	561	3.93137538671
962	562	2.07511097004
962	563	0.90306148069
6494	564	2.38468380602
6494	565	3.95617208539
6494	566	2.44865965785
2858	2	4.48000877954
2858	1	4.26932663991
2858	3	2.94996147557
355	567	3.62883852543
355	568	1.93298137694
355	569	4.87124466881
2541	570	0.505725774575
2541	571	2.05576405101
2541	572	1.7058422197
93	573	2.3172411299
93	21	0.645291143277
93	574	3.18037452486
4258	575	1.85373412958
4258	576	3.2969748552
4258	577	2.69678356484
2967	4	2.63095240779
2967	5	2.70254389915
2967	6	1.16080959513
69949	578	0.974142635802
69949	579	2.67457646576
69949	580	1.79962286039
3432	37	4.46943156686
3432	38	3.18506186249
3432	401	2.64857081989
3268	5	4.15262903156
3268	6	1.26785026394
3268	4	0.957056967093
1916	581	3.51136022017
1916	582	4.62878506355
1916	583	2.88182620638
179579	85	4.78255622434
179579	239	2.25444063924
179579	54	4.2349942025
56866	584	1.81687257469
56866	585	1.77442036848
56866	586	4.2262168394
7818	46	4.16196710283
7818	587	3.94671518661
7818	588	2.07685206647
3487	589	1.08455920867
3487	590	3.24554995548
3487	591	2.91111271448
3356	592	1.16049812349
3356	593	0.608165096394
3356	594	1.47432712744
185	595	1.80684633149
185	596	2.66598636956
185	597	0.512669720133
414	4	2.48151137511
414	12	1.38673930299
414	5	2.54532042348
632	598	3.5241266128
632	599	4.76635614043
632	600	3.35317325245
9310	194	1.21031847237
9310	195	4.76575609728
9310	196	0.756393889875
1608	178	1.31459397518
1608	601	1.62504918052
1608	179	2.09836281327
584	133	4.36044515202
584	468	3.26379412771
584	469	0.568926329979
16001	602	2.3831287479
16001	603	3.47903589771
16001	604	2.50675148081
6673	605	0.528264435999
6673	606	2.90348465769
6673	607	1.85863943046
8637	214	1.35220148205
8637	215	2.59435427331
8637	216	2.27405321454
5804	220	2.20084704978
5804	221	1.43549389057
5804	222	2.01177644018
2949	4	4.17473995279
2949	5	4.62053108795
2949	6	0.844556768612
1171	57	4.17018726064
1171	608	1.73538358057
1171	609	3.82850027227
186	610	1.04510593005
186	611	3.13139826398
186	612	3.87768559431
3160	613	4.93723769972
3160	614	1.67681078217
3160	615	4.81529290673
3325	178	0.662439362639
3325	179	1.89596881127
3325	180	0.631660320273
1180	578	2.07750824778
1180	579	1.77566496643
1180	580	4.97864165053
6244	616	3.86755794335
6244	617	1.85993541993
6244	618	3.58238790937
6163	619	0.842517820049
6163	620	4.68089845911
6163	621	3.31745887161
57432	622	4.00562556248
57432	623	2.45600446083
57432	624	1.39422874487
818	323	2.04489964932
818	324	0.680853608562
818	625	4.63414663805
184	411	3.48549676911
184	410	0.664079340656
184	409	0.905801511123
208	626	2.23165047173
208	627	2.55941566555
208	628	4.55653098872
7387	82	3.58356389372
7387	629	2.97002890864
7387	84	2.58491415028
2970	6	2.79750181205
2970	20	2.44947651929
2970	5	0.646322870397
3474	630	1.77333934938
3474	631	0.817457597745
3474	632	2.89178093298
850	199	4.11499791594
850	197	3.63969562029
850	633	1.00552851809
539	634	4.08905510568
539	635	1.94391990284
539	636	0.631257282851
665	459	2.24736241114
665	637	0.541338212326
665	638	4.31623034909
6462	639	1.83845805876
6462	640	2.48583997995
6462	641	2.39076275893
485	642	1.40581160663
485	643	4.68649737146
485	644	4.19114218529
58024	645	4.39352268785
58024	646	3.80705053344
58024	647	3.33264505198
2895	648	4.51366105961
2895	649	2.0684964218
2895	650	0.656203433999
1265	220	1.25886083815
1265	221	4.62143121892
1265	222	2.2263306897
3579	651	2.49775492422
3579	652	0.84495263216
3579	653	1.12634825467
78706	654	2.40885183787
78706	655	1.97395637658
78706	656	4.5953718496
6809	657	2.64565230812
6809	658	4.74919118187
6809	659	1.51441641371
2262	660	3.85990795801
2262	661	2.357793662
2262	662	1.93720749414
61655	663	4.32477148863
61655	83	1.99797851728
61655	82	1.0264622752
542	664	1.98141345692
542	665	0.681276723367
542	666	3.16341473
5517	260	0.526539100555
5517	261	1.33976314352
5517	262	1.42387926167
787	285	4.49443885097
787	667	3.7289100864
787	668	2.75700417054
48918	669	1.09810977949
48918	670	0.935590435035
48918	671	3.59271712978
1568	672	1.17908069262
1568	673	3.43497599225
1568	674	4.62761735419
1416	675	4.91341761063
1416	676	2.5350121998
1416	677	1.31541142208
2150	164	0.646864329178
2150	165	2.24149709799
2150	166	2.87365193294
1344	115	0.924073382516
1344	678	4.8189963696
1344	679	2.71403584017
440	680	4.20106328703
440	681	4.79881026618
440	682	2.61801923432
69263	366	1.72567266707
69263	367	0.945155401218
69263	683	3.9866424249
71185	684	2.26058951712
71185	685	4.15321727901
71185	686	1.6071635634
1526	687	4.37250986316
1526	688	4.68878372997
1526	689	4.58385182066
2445	622	4.59426906948
2445	623	3.25062706063
2445	624	1.3543588825
978	664	2.36756979687
978	690	3.54678968159
978	285	4.88965732691
5002	670	4.88009673139
5002	669	2.85183083201
5002	671	1.10374568213
3156	691	3.93407998982
3156	692	1.82164716702
3156	693	1.33913290859
447	82	0.628860045941
447	629	3.07819117671
447	84	4.91065569745
3670	694	3.53038130832
3670	695	3.74384262189
3670	696	2.82516071205
766	695	3.66664055903
766	506	4.82061008595
766	697	2.01324930281
421	698	3.18865395632
421	699	3.55460306952
421	700	4.23798621979
4212	701	4.90725515476
4212	702	1.79859724158
4212	703	3.39430542056
368	704	2.4113196576
368	705	2.74558101304
368	706	2.50832630155
7952	707	1.68354184818
7952	708	4.73609703548
7952	709	4.53284332691
7025	710	4.00529939466
7025	711	4.90215748631
7025	712	3.97541768038
57172	285	0.702763952974
57172	667	3.64764786137
57172	668	1.10182997884
122	713	2.48926523943
122	714	4.57014974037
122	715	1.73371172374
1099	716	2.0416361894
1099	717	3.06396946269
1099	718	2.64938877511
564	297	1.69453047706
564	298	1.89773968222
564	299	4.30081423748
556	719	4.91698574302
556	720	2.68043666196
556	721	4.45716421086
921	722	0.851469097882
921	723	2.54694739924
921	724	2.43408773298
4255	725	1.36589956029
4255	726	4.23711510369
4255	727	3.80088923018
47110	728	3.63665227615
47110	729	3.56399097097
47110	730	0.690991759657
78342	221	2.64867078896
78342	731	3.13503298481
78342	220	0.84302250091
515	294	4.32195801082
515	295	4.98413866347
515	392	1.5157071009
370	220	3.89764324499
370	221	3.52266076878
370	222	2.96452178386
557	732	0.515253380298
557	373	1.24774800711
557	733	4.59425225258
3515	734	3.88870596993
3515	735	3.51647440576
3515	736	4.35629395556
7322	737	4.82496542061
7322	738	3.05641068996
7322	739	1.39516483447
76712	740	2.44712022924
76712	741	0.778477764673
76712	742	4.99611424405
11700	375	2.99717442525
11700	373	4.23900941488
11700	743	1.57573518487
568	422	2.88820917745
568	744	1.05743197979
568	745	3.84941353838
45910	746	1.31313731198
45910	747	2.6124464064
45910	748	2.37470577908
170613	403	3.75785660691
170613	404	2.7774345881
170613	749	2.0431675543
11280	750	3.77039622107
11280	751	4.16719831137
11280	752	4.04592304822
7066	753	3.2600389825
7066	754	1.64941653097
7066	755	4.36795015293
23293	217	2.79121877515
23293	218	2.5134740963
23293	219	4.24675667878
913	756	0.963536671378
913	757	1.28241754832
913	758	3.94451450781
75001	759	0.733892179044
75001	760	1.90720345569
75001	761	1.6092442743
81756	57	2.99870341283
81756	46	2.35366312944
81756	587	2.1366473624
12314	128	4.17325983478
12314	762	4.49827511884
12314	129	1.67012642737
233151	119	2.06359999986
233151	121	3.48992092611
233151	120	2.72621244145
188	725	4.70039379785
188	727	2.23026837584
188	763	2.74912064524
555	764	4.39054904784
555	765	2.53565289846
555	766	2.76644628538
76105	403	2.74500920165
76105	404	0.714923230717
76105	749	1.14136386095
76182	128	0.940751055376
76182	129	3.5921304765
76182	130	1.65621655357
4134	767	0.72324051986
4134	768	4.03841841237
4134	769	2.71611193253
44333	403	3.59190204933
44333	404	0.703853929771
44333	405	2.84557747056
276	770	1.39075301911
276	771	4.824848919
276	772	3.02523024001
619	773	0.910288540185
619	774	4.92023576608
619	775	3.20350059946
125037	776	1.7443134973
125037	777	0.588866689938
125037	778	3.55204139098
3965	779	2.27039401916
3965	780	2.2036061995
3965	781	2.79315156345
5367	582	1.78331801607
5367	581	4.65621610019
5367	782	3.9286023337
5338	783	3.02979192171
5338	784	4.9334764046
5338	785	2.91609305949
5350	786	2.60131768625
5350	787	3.28564947169
5350	788	2.17945601766
5343	789	3.75457863337
5343	790	2.46005564066
5343	791	1.52266631234
1019	792	4.94405444168
1019	207	3.02728576131
1019	793	4.39680044622
1857	82	1.01930826112
1857	84	1.00096890562
1857	83	4.97667423659
3518	794	3.37367561852
3518	795	3.34013120995
3518	796	2.41499598859
99	797	4.20558419849
99	798	2.55182171549
99	799	2.73060745253
1420	396	1.4716775605
1420	397	2.5355525095
1420	800	0.505470033504
1140	801	4.07146283605
1140	802	0.796247048838
1140	803	1.11742521675
4374	4	3.49258617664
4374	6	1.0475237313
4374	12	2.08250518944
179563	804	3.83698208095
179563	805	0.647118259053
179563	396	1.37960237013
334	806	2.78095329463
334	807	0.966123856839
334	808	4.88502549801
5546	809	1.83010836267
5546	810	2.32450141467
5546	811	3.09759910362
3594	812	3.70893224867
3594	813	2.07564578546
3594	814	1.99192908901
4651	255	0.525467947025
4651	256	1.99024813186
4651	257	4.94271465806
233	815	3.3664691414
233	816	4.04260333603
233	817	3.14669664337
587	818	0.707316382165
587	601	2.84696813366
587	178	0.843030194744
47984	43	2.2411690902
47984	45	2.37285049485
47984	819	0.61936505606
3619	820	3.21418090519
3619	821	3.06888438358
3619	822	2.03039103045
52183	823	0.738440718757
52183	824	1.43595216006
52183	825	3.54378913665
3490	200	0.721689082378
3490	201	2.75573440999
3490	826	4.42449855531
821	194	2.88010032675
821	827	0.699921351823
821	828	0.877759807324
1255	829	3.89301921284
1255	830	0.582794280727
1255	831	1.45515363467
119	832	2.38534454455
119	833	1.83062628066
119	834	3.53647350591
1195	178	1.67892464011
1195	179	1.35989534798
1195	601	3.44861398712
4221	835	4.00724228073
4221	836	2.63522459393
4221	837	0.866253832562
6378	1	0.521970880143
6378	838	2.20626549026
6378	839	3.73609881662
7	307	2.3155663544
7	399	1.13699655104
7	840	1.55773448616
7877	841	3.3621515932
7877	842	2.8139667144
7877	843	3.53195615922
5309	749	1.59911731023
5309	844	3.33171326954
5309	845	4.86688426747
3488	846	3.09078141581
3488	847	2.52405264864
3488	848	1.59792490106
360	116	3.16730668852
360	117	2.56273820945
360	849	0.823169388476
2412	850	0.761007427677
2412	851	0.91589127108
2412	852	1.88406165821
296	853	4.52494865476
296	854	3.91787182258
296	855	4.58830975427
4061	13	3.56540942531
4061	14	3.90711688224
4061	15	3.07901674444
3692	856	1.75303775103
3692	857	0.662263501378
3692	858	1.26341857188
549	859	0.86361214033
549	860	2.64707009697
549	861	4.83679395582
3110	2	2.10115030742
3110	862	3.29058123325
3110	548	1.18157205056
2196	829	0.640284312123
2196	830	2.54353095246
2196	831	2.98653372005
3076	165	4.62428450646
3076	164	4.86810586171
3076	166	3.72253847064
1320	516	0.61300534513
1320	518	2.47803459641
1320	517	3.42823288296
630	863	3.58890757302
630	864	3.57257589837
630	865	1.66117779422
60019	866	0.995752031802
60019	867	4.52607962842
60019	868	3.77986222952
805	869	1.03068380405
805	870	4.71292854134
805	871	2.47314229062
595	872	1.47831609691
595	873	4.7705132293
595	874	0.746050303831
4428	875	4.34451649749
4428	876	3.52871057861
4428	877	3.90437519932
4879	878	0.695605341755
4879	879	4.0529845398
4879	880	4.28562080866
685	881	1.26492653221
685	882	2.11062330543
685	883	3.1387729117
4507	884	3.26222243571
4507	885	4.88432506462
4507	886	4.42716851453
1564	269	3.51721621413
1564	270	1.29739338369
1564	271	0.732181066636
479	82	2.59964013621
479	629	0.709811438426
479	84	4.97457642774
2057	887	3.31418802269
2057	888	4.45637481752
2057	889	2.83880975584
5340	890	2.94297666187
5340	891	3.83165524802
5340	892	2.07552253999
617	40	0.523779479438
617	41	4.85206833633
617	42	1.3004179146
1018	477	1.08768241179
1018	893	3.32045309628
1018	894	1.02064059163
8366	695	4.78971003812
8366	506	1.90901816257
8366	697	3.01977005983
1622	895	2.35535483535
1622	896	4.31707128222
1622	897	4.02463409752
679	898	3.11248737779
679	880	2.10440663686
679	899	1.14668125458
6353	465	2.26004611929
6353	467	1.7474135449
6353	900	2.78650372762
442	178	4.71738079926
442	179	1.3144843918
442	601	2.97000651834
4559	901	2.6475956013
4559	902	3.18209395015
4559	903	0.873586800415
957	904	1.24619979289
957	905	2.19566224119
957	906	4.11994389652
1227	907	3.57362486055
1227	908	1.26648946959
1227	909	2.37851396231
1459	430	4.50292685914
1459	429	2.38811073936
1459	431	2.92958442406
2882	307	2.51340807616
2882	399	2.97787368211
2882	840	4.14346927224
8840	910	4.66004701349
8840	911	4.92778626207
8840	912	4.18161880329
3679	513	4.51920874288
3679	514	2.21319055422
3679	913	1.80700986484
2729	914	2.25438985158
2729	915	1.24169560282
2729	916	2.51863383281
880	917	3.96563327433
880	918	3.21991841592
880	919	3.5941543106
448	73	3.06955206013
448	206	1.26344348697
448	920	3.70853707983
15663	921	1.72403778676
15663	922	4.6386092089
15663	923	2.66463218012
999	924	4.02101192275
999	925	4.62605776546
999	926	1.34515883494
6103	927	4.28790635782
6103	928	0.974768258133
6103	929	4.54880424506
5746	930	2.0637886991
5746	931	3.65849270975
5746	932	2.33536813856
10406	933	4.4318796237
10406	934	2.96166406109
10406	935	3.19547559122
774	4	2.23996659852
774	531	4.98614748356
774	532	3.58500709274
1012	936	3.05247950555
1012	937	4.44657083042
1012	938	2.13288895529
742	217	4.77354643964
742	218	4.80842212048
742	219	3.06356490421
179333	939	4.27850038478
179333	940	4.58462198592
179333	941	3.08226118226
1744	473	0.778110275511
1744	942	0.881498877065
1744	943	1.31518716964
3122	944	1.42475139766
3122	945	2.69228764253
3122	946	0.556584352287
294	947	2.59942594659
294	948	0.529724464141
294	949	3.72580911907
74411	592	2.67009902413
74411	593	1.27935366128
74411	594	4.83398953728
4081	950	4.70867490999
4081	951	2.69715750525
4081	952	4.26699597561
567	235	2.04075056933
567	495	1.73744180261
567	953	3.31236743289
13155	954	2.57449836413
13155	955	3.45780506695
13155	956	4.5093435737
8878	957	4.62146042613
8878	958	1.7845344324
8878	959	4.69705826819
79468	960	3.85320817821
79468	859	2.2876582165
79468	961	2.10878344542
7363	962	0.801393094154
7363	963	1.47960554131
7363	964	2.08560441884
503	540	1.62923033782
503	541	3.91561694543
503	965	4.92908042336
5362	966	1.24167035253
5362	967	2.86264708572
5362	968	2.00459973708
152	969	4.93864615399
152	970	3.64843079087
152	971	2.62191560839
127	73	3.20383794013
127	972	4.11948683461
127	74	4.42005062184
329	973	4.41832888472
329	974	4.40881604983
329	28	1.34623245902
968	176	2.95431250206
968	975	3.42447407291
968	174	2.92087149613
7084	976	4.53355804328
7084	977	3.43975009771
7084	978	3.7656668539
4451	6	3.72462061618
4451	5	1.32709704619
4451	4	4.59477097794
1105	921	3.99420699132
1105	922	3.25912101882
1105	923	4.38496396663
78242	979	2.78131158756
78242	980	2.20115055527
78242	981	0.536846044867
792	982	4.09048105243
792	983	3.45939099291
792	984	2.81859500406
6260	985	2.93450990718
6260	986	2.45538110456
6260	987	2.50202484074
4706	988	3.6036981265
4706	989	1.01202915472
4706	990	2.11673853941
1372	860	2.76205092529
1372	991	2.87786714986
1372	992	1.35241947705
988	435	3.05389160559
988	436	3.34436344709
988	437	0.674485687286
669	200	2.12817179102
669	993	0.858636147818
669	225	1.86709966205
364	898	3.97278074552
364	899	2.16428084424
364	880	2.10628820862
6534	994	1.95716487931
6534	995	4.4064878633
6534	996	1.29221801293
1089	997	1.62706434156
1089	998	4.1153056787
1089	999	4.35546865426
6446	4	4.9570651141
6446	532	1.77409746944
6446	531	1.50365293741
81536	173	1.8050526495
81536	174	1.62683480093
81536	175	2.16055787922
583	46	1.81799013243
583	47	4.73918670392
583	177	2.71986399773
399	746	1.48156296695
399	747	4.89773988275
399	1000	2.36168273908
79341	178	1.97864376545
79341	601	1.16289818595
79341	179	4.06534921935
611	869	3.49800715362
611	870	4.43858661529
611	871	3.82566321991
703	2	2.81951562022
703	18	0.957697018127
703	19	2.62109357803
1782	5	0.916334921754
1782	16	1.71840797943
1782	17	3.60191511338
914	393	4.30223715616
914	394	3.85920791966
914	395	1.16524238193
95	1001	0.867838533784
95	1002	4.08308429261
95	1003	4.72387182572
948	1004	1.03717133088
948	1005	1.74617362077
948	1006	2.71881335728
60477	1007	0.933542050758
60477	1008	3.68875807115
60477	1009	4.87679962537
78765	1010	3.25356505091
78765	1011	3.60948323433
78765	1012	4.00842967621
4324	6	3.65714035201
4324	20	1.66830835642
4324	5	4.5622794789
1345	1013	4.36312439125
1345	1005	2.4558512314
1345	1014	4.53149532623
869	1015	1.10825907682
869	1016	0.561946161238
869	1017	0.918244124826
4783	1018	4.47878792133
4783	731	3.7487060446
4783	1019	0.521208593745
84	310	2.316219787
84	311	4.22124290739
84	1020	1.00378669123
2527	1021	1.82049454962
2527	1022	3.38797152468
2527	1023	1.047444674
612	1024	1.0100744636
612	1025	1.02828742896
612	1026	1.94975221797
2324	590	3.79657400286
2324	591	0.809422761272
2324	1027	3.93278695023
1628	1028	2.19958350225
1628	1029	2.23596169258
1628	1030	2.76053195837
3444	890	1.85155652341
3444	891	3.69675813613
3444	1031	3.98787414519
1808	1032	4.42710793702
1808	1033	0.566521495149
1808	1034	3.86658724287
6160	1035	1.30439426001
6160	1036	1.64868531025
6160	1037	2.89310172729
1381	1038	3.00040140846
1381	1039	0.993951400292
1381	1040	2.57530558929
85	699	1.46375638304
85	698	4.65309909393
85	1041	4.22305552514
4595	1042	2.03008730163
4595	1043	1.27196130179
4595	1044	0.536621982749
1198	1045	0.776946415651
1198	1046	2.94441604049
1198	1047	4.72223662122
129	345	4.75442065175
129	344	2.35535945867
129	343	2.16924383903
1575	1048	4.63979462984
1575	1049	3.74157751091
1575	680	1.93355774193
301	1050	3.83339114674
301	1051	0.663951943011
301	1052	4.44841390913
51154	1053	0.752696628422
51154	1054	3.74906197091
51154	1055	3.39424652731
42938	116	0.624339475079
42938	117	3.53600463379
42938	1056	4.00613478111
58902	1057	1.07264450572
58902	1058	1.48716484502
58902	1059	0.680550686646
10266	1060	1.21957931522
10266	1061	1.78087000996
10266	1062	1.54667360669
4131	1063	3.21401506952
4131	1064	4.05860985355
4131	1065	4.2514220773
1454	1053	1.34505914801
1454	1054	4.95735725672
1454	1055	1.64147809262
64288	131	1.75082509064
64288	141	3.32547706203
64288	132	3.32093125051
114	1066	1.86987593598
114	1067	1.98848438988
114	1068	2.0032118005
78730	1069	4.19879796641
78730	1070	2.11339418841
78730	1071	2.27063353061
588	1072	2.94482251411
588	1073	0.974221215934
588	1074	3.5907667874
58696	377	0.812270918236
58696	1075	1.94734293656
58696	1076	4.94722476424
8821	1077	3.43513715661
8821	1078	1.87897556702
8821	1079	3.58969891599
3736	1080	3.67479937609
3736	1081	1.38768593755
3736	1082	3.11857530415
3584	1083	3.42338200801
3584	1084	2.6834420302
3584	1085	2.56887261253
1584	1086	4.98932210984
1584	1087	4.65345513078
1584	1088	1.36223984509
550	285	1.02967298564
550	667	2.60478624643
550	668	2.40019812999
341	1089	1.80016039167
341	1090	3.34794316012
341	1091	0.569069485241
1514	626	3.2636902209
1514	627	1.45041719665
1514	1092	0.740572439016
126514	1093	2.96436664489
126514	1094	1.24487663841
126514	1095	2.57701568167
4362	323	4.47401528483
4362	324	0.901285689847
4362	625	1.11257173396
775	376	3.82387457851
775	378	4.74909849218
775	377	4.53234156497
829	792	4.40759895706
829	207	1.83113750738
829	793	2.81191070701
32942	787	3.6957782235
32942	788	4.25149664658
32942	1096	2.0230369962
25959	95	3.71753035989
25959	96	0.56591586362
25959	1097	2.74229230283
353	178	1.55247359842
353	1098	3.51799144846
353	180	2.61209223427
713	310	1.23677662489
713	311	4.55201014776
713	312	3.01825226217
3534	297	4.36887337598
3534	299	2.46193531726
3534	303	4.81818373934
737	1099	1.6004557836
737	1100	4.18028965269
737	1101	3.83922653419
292	323	3.96315886053
292	324	4.28815811698
292	625	3.23171181145
2611	1102	4.84808321472
2611	1103	2.31530055791
2611	1104	2.01183941233
981	801	0.745502061063
981	803	3.70756227636
981	232	1.39255319775
78586	1085	2.87571535032
78586	1105	3.24985277209
78586	1083	3.83200579793
372	373	1.94984176984
372	375	3.8270459903
372	1106	0.7697350369
8030	734	4.60827149892
8030	735	0.579053567466
8030	1107	1.64849648198
492	1108	1.36556213543
492	1109	3.71088798262
492	1110	4.84344902902
623	285	1.34498679839
623	667	3.45293229722
623	690	2.88618772269
1308	1111	0.57920031083
1308	1112	4.64466302516
1308	1113	2.82762549392
18796	1114	4.1049211633
18796	1115	4.67653593066
18796	1116	2.08204577059
3620	297	0.526817808315
3620	299	2.9522026968
3620	1117	4.80699791957
4299	1118	3.72167837629
4299	1119	1.87050510862
4299	1120	3.59329932898
5501	294	4.29689669541
5501	295	4.19332090454
5501	296	4.22156867105
258126	403	4.06826441437
258126	404	4.41886259325
258126	749	1.79363857598
1152	1121	1.48699122546
1152	1122	1.09774901722
1152	1123	3.65135995989
8625	1124	4.57070710325
8625	1125	1.85830841521
8625	1126	1.29521862715
3808	1127	2.86893953575
3808	1128	1.44820643355
3808	1129	4.61463203468
646	1130	4.86220879929
646	1131	3.20537659289
646	1132	4.09640935521
1867	1133	1.45629583978
1867	1134	0.86349944295
1867	1135	4.1532745199
1439	1136	0.531203229924
1439	1137	0.839400782282
1439	1138	2.69889269962
1495	587	4.55743442314
1495	1139	3.94405485107
1495	588	0.801762592045
9598	1140	2.13820808444
9598	1141	4.77880741223
9598	1142	1.8275407042
56436	1143	3.73940014952
56436	1144	3.04826718685
56436	1008	2.61767117806
912	1145	4.31997821447
912	1146	4.46376173774
912	1147	0.695907161677
58148	622	4.43860876477
58148	1148	0.882222874045
58148	623	3.21492613122
769	1149	0.923811983327
769	1150	1.98730964092
769	1151	4.55557942228
16077	1152	4.27861934286
16077	1153	3.18686027162
16077	1154	2.41475236744
614	789	3.61280313758
614	791	1.33011292376
614	790	4.1624474621
682	1155	4.05362054945
682	1156	0.539770556615
682	1157	2.92922147929
471	311	4.72576710487
471	1020	2.70604398015
471	310	4.58483947144
5149	1158	4.50131296413
5149	1159	4.26308030998
5149	1160	3.30943110983
3583	309	1.91285529197
3583	308	4.03185161981
3583	1161	4.54857672229
11200	1162	0.777358568595
11200	1163	2.18580013471
11200	1164	0.791173301075
3741	1165	3.98197202256
3741	1166	2.61081215349
3741	1167	3.3862921579
3065	1168	4.5307887636
3065	1169	3.96672980709
3065	1170	2.67639599474
1204	1171	4.22754264835
1204	1172	1.97811029304
1204	1173	4.33931471199
45941	207	4.94494493051
45941	792	2.84028755192
45941	206	0.745962184434
8380	178	0.61879418424
8380	179	2.92769304521
8380	601	3.44902991001
1230	1174	4.46915567965
1230	1175	1.41201284716
1230	1176	4.3084672438
73930	1177	4.237203198
73930	1178	2.50294305202
73930	1179	3.76081206518
75990	800	3.63337749168
75990	1180	0.833420764191
75990	1181	3.49082915074
3852	1182	1.04434140347
3852	1183	4.43066795265
3852	546	1.90131833293
78496	128	0.87793591414
78496	129	1.6230888788
78496	130	2.78438187059
32267	128	3.72683482073
32267	762	1.14309893443
32267	129	3.89651668829
14546	1111	0.82900560591
14546	1113	3.54529047609
14546	1112	1.66817000577
252	5	2.71822322909
252	6	4.37892922902
252	16	2.7260568013
441	1184	3.03046764436
441	1185	2.37964263221
441	1186	0.824027755447
1579	217	0.847102860534
1579	218	2.15478011112
1579	1187	4.37451879299
828	1188	3.46839855542
828	1189	3.71895869444
828	1190	0.880274262613
75931	511	4.89425591343
75931	1191	2.82384180661
75931	1192	2.90516745494
34280	20	1.30655193572
34280	1193	2.1588807165
34280	6	3.22980293786
69493	6	4.18060635776
69493	21	3.20434332101
69493	20	1.62354544686
14092	128	3.14453097461
14092	129	0.883129480418
14092	130	2.63080410462
78597	2	4.64834954077
78597	1183	1.12215584933
78597	546	1.40809663053
179525	1194	0.600971800081
179525	1195	3.33111894131
179525	1196	1.18224867409
31370	719	0.750083636698
31370	720	3.88203590226
31370	1197	1.917909925
34908	128	1.87784043072
34908	129	3.81637574812
34908	130	2.86816701338
30922	695	0.773371424188
30922	1198	0.516010491781
30922	506	2.94294249553
7681	1199	0.782375792867
7681	221	1.37026614068
7681	222	1.74787778733
463	85	4.67269576237
463	54	4.05296306568
463	239	3.46003594608
12469	85	2.08029211795
12469	238	2.40971810123
12469	1200	3.46786373771
1005	229	1.13295796818
1005	230	2.89283486768
1005	1201	3.67926919365
54901	1202	2.39278009409
54901	1203	2.14661528681
54901	1204	3.19990863445
763	1205	3.49725556347
763	1206	2.43215183494
763	1207	4.73951201224
78575	131	4.59160948764
78575	132	0.616002500484
78575	133	2.12789098275
30828	85	4.38820622004
30828	238	0.633531763779
30828	1200	3.6181322528
42588	2	4.95114299714
42588	1183	4.11237738458
42588	18	3.62890737404
8905	1208	3.14874882991
8905	1209	4.43036100632
8905	1210	4.75345901721
982	1211	4.78142461373
982	1212	4.27253010045
982	1213	4.88536462149
76004	1214	3.49334774645
76004	1215	2.61439591897
76004	1216	1.26679247729
59421	1217	4.70177210372
59421	1218	0.892928935905
59421	1219	2.23438741244
849	368	0.511058431601
849	369	0.727001591382
849	307	0.585716710673
42363	1220	4.93308650376
42363	1221	2.41417837936
42363	1222	3.68689681051
305	1108	1.96147687845
305	1109	2.09214880688
305	1110	2.45873439821
30943	307	3.68247041757
30943	399	4.1275288819
30943	840	3.87771739269
13533	128	1.94112821354
13533	129	4.91218169477
13533	415	1.59557863523
218416	1223	2.40134506314
218416	1224	1.25766476092
218416	1225	4.3544864982
3205	835	2.06634471
3205	836	1.21439149059
3205	837	2.58821936229
984	194	3.62474073469
984	195	0.92825111342
984	196	4.61391864131
42364	1220	1.12288132376
42364	1221	2.5928455226
42364	1222	1.21271878614
179564	1086	2.8533304244
179564	1226	4.57094684722
179564	1088	4.6033264894
3463	1227	2.00555173696
3463	1228	1.04576729184
3463	1229	2.04174367654
3482	1230	1.96978375544
3482	1231	3.69351046027
3482	1232	0.783256576629
3469	1233	4.25750843132
3469	326	3.01563443923
3469	1234	2.13066696885
3430	1235	4.36476676133
3430	1236	3.4859031961
3430	1237	0.885203638556
206	1238	0.591854397385
206	1239	4.56028895286
206	1240	1.58896170924
3350	46	0.789248991245
3350	48	4.93824958857
3350	47	2.58061550653
727	1241	2.48469324837
727	1242	4.91577417581
727	1243	3.44118994781
4254	1244	3.63872054609
4254	1245	0.762560894016
4254	1246	2.91275990408
56634	993	2.18408626759
56634	1247	4.9164935245
56634	1248	1.41730811272
4536	513	3.44715338082
4536	514	1.42225127201
4536	1249	0.655351239175
3904	1250	3.81991852218
3904	1251	1.26898820671
3904	1252	4.9420770071
223	1253	4.52805979466
223	1254	4.17222615024
223	1255	1.38966820862
4380	860	4.20459836154
4380	992	2.51891515015
4380	991	1.35375403949
1620	293	0.715738738333
1620	1256	0.942751301288
1620	1257	1.97359064308
917	506	2.88867159609
917	331	1.05091472429
917	1258	1.75087670975
607	1259	3.77072530314
607	1260	3.63184786828
607	1261	1.37989929485
4224	1262	2.75925784538
4224	1263	1.03505964558
4224	1264	0.632209853031
3445	1265	2.0914579022
3445	1266	1.6280659761
3445	1267	4.78821774415
45667	1253	2.50056753484
45667	1268	0.854877918514
45667	1254	3.52073238556
925	1269	0.525714676457
925	1270	3.95958071318
925	1271	4.80871827556
1637	1272	2.29521548699
1637	1273	0.72678287678
1637	1274	3.04716938916
3433	1275	1.07344432554
3433	1276	3.16573628738
3433	1277	4.03305362031
3913	1278	3.60678788969
3913	1279	3.63275295587
3913	1280	4.43659063569
1434	626	4.68317463988
1434	627	4.35755549083
1434	1281	3.40420004297
3567	1108	1.32193487102
3567	1109	0.777557688721
3567	1110	1.25220888302
352	1130	3.61236480658
352	1131	2.6398822823
352	1132	2.33539984962
2195	323	1.14417859641
2195	324	1.23598850602
2195	625	3.49321277371
2265	235	1.15868793948
2265	495	4.3903465555
2265	953	4.91034733901
5718	1282	1.41761324062
5718	1283	2.65111933972
5718	1284	2.59276869556
3486	1285	3.736455383
3486	1286	3.90537310985
3486	1287	4.61314769839
3461	1288	4.06962373748
3461	1289	2.5786535201
3461	1290	2.16082955388
3476	1291	3.66445711302
3476	1292	4.83702525552
3476	1293	3.80870277419
354	787	0.687524004612
354	788	2.44112136229
354	1096	2.87788828228
654	310	1.17331485876
654	311	2.37506130037
654	1020	1.74176711673
741	1294	2.00735358943
741	1295	1.81305538711
741	1296	3.41233844546
4433	24	1.46271432674
4433	23	1.24958378723
4433	22	4.13528273748
7479	269	1.69455778951
7479	270	4.59707086306
7479	271	4.93394154641
218413	1297	3.7022836024
218413	1298	2.93763381097
218413	1299	2.0419149514
1446	511	1.54853953962
1446	1191	3.33756518026
1446	1300	4.8914905092
3439	1301	4.20867251881
3439	1302	4.05346767656
3439	1303	2.12655397804
3441	235	0.65017581253
3441	495	3.90160233034
3441	953	0.770620856696
3889	1304	4.70736635845
3889	1305	4.47680088985
3889	1306	4.76960630885
38	73	2.24700877942
38	972	1.06809691085
38	74	4.54117127685
2513	573	2.90417729864
2513	721	2.89184807195
2513	21	3.99491515106
3508	1307	1.90877552551
3508	1308	3.26492367542
3508	1309	3.62536484898
90	1310	1.54356076303
90	1311	3.50757025451
90	581	2.4967447474
41012	1312	2.20668302957
41012	1313	1.92336127986
41012	1314	1.63076363437
4965	1315	3.83771500404
4965	1316	3.99234420955
4965	1317	4.64804662503
3390	1318	0.686315085644
3390	1319	4.28973223504
3390	1320	3.11295685312
1073	43	4.85801922403
1073	44	4.07624327778
1073	45	3.59014035725
263	1321	1.88754134645
263	1322	4.43542617778
263	1323	3.15863217414
346	178	3.80285607946
346	601	2.32575167079
346	179	3.95331820976
3973	194	2.77295715426
3973	196	2.35736335512
3973	195	2.87956953965
190184	403	0.538665476444
190184	404	1.10174361843
190184	749	2.72530609968
3442	1324	1.89091536132
3442	1325	3.03824363939
3442	1326	2.87143005308
4231	570	1.87299036556
4231	571	1.55030023373
4231	572	4.77664701956
681	546	3.25548263803
681	1183	2.03926917634
681	2	0.917022818478
53645	1327	3.40575306717
53645	1328	3.19329362756
53645	1329	3.19865214681
57469	1330	2.81416413641
57469	1331	4.33124015393
57469	1332	3.34485126497
3510	293	4.84416616751
3510	1256	1.83209752798
3510	1257	3.42857212371
37534	403	3.68752050376
37534	404	3.12576876695
37534	749	4.83742221164
5163	1333	0.665644991337
5163	1334	1.26330905811
5163	1335	2.36519844605
5548	1336	1.92356825002
5548	1337	0.903393084137
5548	1338	2.04413133133
5537	1339	3.68506731645
5537	1340	3.29613483577
5537	1341	1.85848722667
9172	698	3.78553815446
9172	699	1.5804475754
9172	700	2.66448827221
6370	1342	3.39988015049
6370	1343	1.48457314729
6370	1344	1.789593284
10933	622	0.543536520436
10933	1148	4.87215744472
10933	623	2.89025710227
891	626	0.64357597874
891	627	1.09925856599
891	1281	3.25903621464
209	513	0.792955595982
209	514	4.96966376942
209	913	4.74576300289
16416	16	3.29812310457
16416	17	4.37687657631
16416	5	2.24685954672
958	115	4.16089489972
958	678	1.85363004182
958	679	0.888095224832
4353	1345	0.951233106983
4353	1346	2.55163818656
4353	122	2.50587342568
458	1347	0.788503053695
458	1348	4.41864166721
458	1349	1.21534204251
3386	235	4.38451341872
3386	1350	1.99919211096
3386	495	0.965650698624
3721	218	3.99418222081
3721	217	3.37259240403
3721	1351	0.630113891291
3212	134	3.89288516131
3212	142	4.90730539446
3212	136	3.09966011802
1192	1352	1.03271818619
1192	1353	2.5597938034
1192	1354	2.27754028908
88	1355	4.64843521605
88	1356	4.55926985331
88	1357	2.46831967577
1242	178	0.739622545676
1242	1358	4.72784874358
1242	179	3.34626767321
1234	1359	2.20256951394
1234	1360	4.58906776689
1234	976	2.01652184428
785	611	1.97853459682
785	612	2.22466064959
785	1361	3.30892922383
461	1269	0.698671036327
461	1270	4.37772507963
461	1271	2.30829292804
2068	1362	2.05033913968
2068	1363	0.735110768314
2068	1364	2.83987473101
4699	1365	3.66500986288
4699	1366	3.10981781832
4699	1367	1.69615108087
78024	1368	3.05785508423
78024	1369	1.36589075258
78024	96	2.53511390654
1756	158	3.89796176836
1756	160	2.65308822363
1756	259	4.43731505703
431	1356	3.88921349147
431	1357	2.21610753773
431	1370	0.698767261017
3098	1371	2.65902263202
3098	1372	2.08088280078
3098	1373	1.12974648641
2506	683	3.04229390668
2506	366	2.73523321793
2506	367	3.61924807632
78827	1374	3.33361053587
78827	1375	4.2767550798
78827	1376	2.97758295956
1060	869	3.96819884399
1060	870	0.643639866557
1060	871	3.82299004736
1221	1377	0.828322755432
1221	1378	1.2181381169
1221	1379	1.48312529714
3256	1380	2.20327455456
3256	1381	0.741859537695
3256	1382	3.87009273169
4245	1383	3.05678706392
4245	1384	1.97604264247
4245	1385	3.97265268418
3826	117	2.82736853982
3826	116	4.68262285131
3826	1386	3.07890735588
5274	352	0.843043087035
5274	353	0.677641881841
5274	354	4.7173274505
1850	1387	0.630560508046
1850	1388	3.9500216177
1850	1389	4.29474707706
494	1390	4.2748459439
494	1391	4.15396402623
494	1392	1.87015004979
16312	1393	4.42292220404
16312	1394	4.33229872221
16312	1395	1.36220985789
602	1396	3.1011915277
602	1397	1.46518158587
602	1398	4.23236557622
4095	1399	4.98882876396
4095	1400	1.15196609324
4095	1401	1.24513499267
3491	1402	1.94279064176
3491	1403	3.66093889109
3491	1404	1.69264745053
852	1355	2.1516477624
852	1405	1.55817177703
852	1356	3.49298779646
1723	1406	1.17517071096
1723	1407	3.93851864311
1723	1408	4.03956109184
4340	73	0.64152009106
4340	972	3.91263976182
4340	74	4.77819940918
738	122	1.30348178849
738	1345	2.60959958552
738	1346	4.60211857934
724	1409	4.0941095225
724	1410	0.739096206963
724	1411	0.769764726605
4481	1412	3.18376616941
4481	1413	2.33541661489
4481	1414	0.769121183327
2730	43	4.59187576892
2730	45	2.06085302029
2730	44	3.68903932471
721	1415	1.65314351343
721	1416	3.10551035199
721	1417	2.71750203306
762	325	1.49247666407
762	327	3.01399878403
762	1418	1.061352332
4142	1419	3.85886500781
4142	1420	0.708978698986
4142	1421	0.747325035596
2284	1422	3.07222912578
2284	1423	1.13060381755
2284	1424	2.77574891786
45920	1425	4.96452284094
45920	1426	2.43526043985
45920	1427	4.12205415656
434	21	4.08199069517
434	573	1.71005604904
434	574	4.3638114455
622	924	2.57929590147
622	1428	1.63072043062
622	925	1.51995025899
15808	870	2.9900296245
15808	869	4.59600913787
15808	1429	3.37253285102
98	1430	1.17682456121
98	1431	0.596277951839
98	1432	1.3844743169
12534	1433	2.96134503772
12534	1434	2.02230401326
12534	1435	3.93918891906
56779	746	4.00879047457
56779	747	1.90165789118
56779	748	4.06983991936
1064	1436	3.62882661119
1064	1437	3.38951024883
1064	1438	4.30885144808
940	1218	3.16122414526
940	159	4.85439392496
940	1439	4.04376422712
1194	352	0.585304134661
1194	354	1.60279453781
1194	353	3.7215074512
1470	832	3.77478981131
1470	833	1.86904179832
1470	834	2.1400787714
1263	1436	0.575369528837
1263	1438	4.34732742861
1263	1437	4.04605794179
5462	1440	3.3362349259
5462	1441	0.756485260284
5462	1442	4.82456964086
3600	1443	3.31124793005
3600	1444	2.0906322602
3600	1445	0.771193763565
4873	1446	3.12685319491
4873	1447	2.8221733312
4873	1448	3.62128284908
179847	1449	0.803687460242
179847	1450	0.946421394151
179847	1451	3.10739495763
2902	4	0.577824701917
2902	7	3.61557217173
2902	8	4.06471647165
2516	1452	4.98655047461
2516	1453	1.70401417068
2516	1454	3.05576984051
4138	1455	3.75538983949
4138	1456	2.42214742134
4138	1457	3.61239986733
113	1458	3.37619360297
113	1459	2.15058179757
113	1460	4.37468057991
5437	1461	1.40265674499
5437	1462	1.74437390618
5437	1463	4.88652546494
1883	1464	1.36916043021
1883	1465	1.56006827319
1883	1466	4.58240561936
1368	264	4.57171412541
1368	263	1.73453696049
1368	265	4.74708937569
13129	1467	2.83243832587
13129	1468	2.90596201645
13129	1469	3.54799945226
11491	1470	1.59029606136
11491	1317	3.76788808984
11491	1471	1.33893780667
5790	1230	2.65217496987
5790	1232	0.562299667584
5790	1472	3.04573656697
883	1473	1.3613744997
883	1474	2.74142934651
883	1475	1.77911914535
14574	1024	1.25984705728
14574	1025	1.26985511325
14574	1026	2.96248526499
1574	300	3.88847778395
1574	301	3.057253924
1574	302	3.33070106033
3480	966	2.37855078931
3480	967	2.23613666284
3480	1476	3.20751720684
363	235	2.2951896877
363	495	3.18359004692
363	953	0.578446849967
7427	1477	2.81743136756
7427	1478	0.670508928126
7427	1479	0.902658491861
2958	725	2.03520268468
2958	726	4.6144572996
2958	1480	1.46341830562
7982	1481	0.580499068592
7982	1482	1.98833807783
7982	1483	0.771856965919
12359	1484	3.56116691163
12359	1485	2.80612884995
12359	1486	4.68476260701
698	1487	2.02557378024
698	1488	3.54928603555
698	1489	1.43143396505
1043	602	4.1206152102
1043	603	0.960083803917
1043	604	0.806142317822
369	1430	1.12584937728
369	1431	4.44023331828
369	1432	0.607465876195
1491	376	2.97966054061
1491	377	2.61593487921
1491	378	1.20040340944
4333	1490	2.92508811771
4333	1491	4.41479727172
4333	1492	0.505255170596
3395	1493	3.60489993022
3395	1494	4.7660387069
3395	1495	0.840701428203
356	409	1.31976726998
356	410	3.36370698408
356	411	3.92083474984
1023	323	4.37153201775
1023	324	3.31173307208
1023	38	2.2998961173
55860	1496	3.07165885189
55860	1497	1.79538667573
55860	1498	2.02509439823
1094	1355	1.0176758137
1094	1356	2.81489195333
1094	1357	2.74080888883
314	1499	3.1488513164
314	1500	4.90680666202
314	1501	0.792974099832
42782	1502	2.06499125152
42782	1503	4.16750401919
42782	1504	4.50613181312
4172	1505	1.66216581237
4172	1506	1.94729495896
4172	1507	4.78022558654
514	1508	4.25142619487
514	1509	0.833959824035
514	1510	3.77994745219
3558	1511	4.41490542868
3558	1512	3.61707145421
3558	1513	4.01826513927
2602	673	3.41933308638
2602	672	1.53150327379
2602	674	1.56115115378
906	220	1.52483765388
906	221	1.51726187659
906	222	1.22508822563
61312	958	0.697463265006
61312	957	1.31707227276
61312	959	2.60309684574
2280	1514	4.12043908716
2280	1515	1.31488533896
2280	1516	1.56014678195
943	1288	1.57181045327
943	1517	0.979554877384
943	1518	0.72165589774
655	1519	3.77635265133
655	1520	2.97319614643
655	1521	0.600444015773
2223	309	2.47769051466
2223	308	0.559960554448
2223	1161	4.3110105383
715	1522	2.6714505509
715	1523	3.33135575261
715	1524	4.80937287132
1509	740	2.44257818887
1509	741	1.69281466697
1509	742	4.34604352346
82892	1525	3.4789487992
82892	1526	1.42212601816
82892	1527	4.60963162689
6316	2	3.25105967168
6316	1528	3.71927209658
6316	18	2.54986657826
11387	1108	3.24046931423
11387	1109	1.53173258299
11387	1110	1.06692346892
4226	1172	4.89074571922
4226	1490	0.957612600095
4226	1171	1.6291048193
33802	139	1.78596379568
33802	1529	1.48441888535
33802	131	4.03267924723
82354	573	3.11164283562
82354	17	1.60316642294
82354	16	1.1421427272
3662	740	2.07088024769
3662	741	1.02886277531
3662	742	3.97171270603
30549	1358	0.529682318611
30549	1530	2.22021227671
30549	179	4.06137828988
5629	1531	1.92979599573
5629	1532	3.23571931124
5629	1533	1.52306132618
761	731	1.34071968227
761	220	3.23846992863
761	1018	2.6664688296
57852	16	1.22041502489
57852	17	1.83088129724
57852	1534	0.803209771484
2497	1535	1.42581826806
2497	1536	4.48945155516
2497	1537	3.57843865742
36065	1538	1.36980885411
36065	1539	4.59329314825
36065	1540	1.2189035684
133288	1	2.88860926067
133288	1541	4.46966476086
133288	1542	3.02347735979
12319	128	2.68230221329
12319	129	3.60348405853
12319	415	2.83639046825
857	1543	3.85291075597
857	1544	1.39595937678
857	1545	1.98998418717
2896	1546	1.40300942406
2896	1547	3.03159123618
2896	1548	4.19982728256
927	1490	2.11669971791
927	1492	2.42283775501
927	1491	0.595431023665
29143	295	4.28915349112
29143	294	4.39249053425
29143	1549	3.52407712936
7869	309	3.9861975422
7869	1161	3.49048507766
7869	368	4.50509607071
75932	1550	2.41455349144
75932	1551	4.96575594107
75932	1552	4.84093996505
7441	1193	1.02586542384
7441	20	3.48601044645
7441	1553	2.49464012673
1261	360	3.07410300256
1261	1554	2.01992085988
1261	358	3.72780693289
56718	1000	2.59022346897
56718	1555	3.12753333158
56718	1556	2.27805529869
3456	1557	2.04781749943
3456	1558	1.82880179448
3456	1559	1.0101763804
3447	1560	3.01013426547
3447	1561	1.36703407629
3447	1562	3.19933724002
803	235	4.05928125353
803	495	1.3168961815
803	953	3.75169255005
237062	1563	0.500159462288
237062	1564	4.56946696459
237062	1565	0.858716243644
107	642	0.973991169524
107	644	3.70944953554
107	643	3.31021607261
2342	812	2.12339634895
2342	813	3.98505020601
2342	814	2.39191719792
123	24	0.864015872535
123	22	1.28421503555
123	23	3.79973162103
