39918	2963424	0
39918	2831544	2
39918	2953846	0
39918	2920181	0
39918	2803034	0
39918	2560955	1
27067	2975465	2
27067	2905210	0
27067	2942099	2
27067	3034533	1
27067	2777292	1
23443	3093711	2
23443	2547726	2
23443	3108040	1
23443	2746861	2
23534	2913371	2
36180	3029068	0
36180	3088085	1
36180	2934081	1
36180	2952273	2
36180	2838545	1
36180	2666929	2
31723	2666929	1
31723	3006987	1
31723	3026423	1
31723	2809898	1
38130	3026424	0
39380	2547727	2
39380	2977648	1
24530	2843790	1
24530	2885949	1
24530	2844948	1
24530	3074364	2
24530	2794827	2
24530	2666247	1
32264	2759774	1
32264	2762597	2
32264	2977722	0
32264	2844948	2
32264	2596024	2
32264	2984648	2
35921	2718806	2
35921	2937403	1
35921	2882327	0
33649	3080685	2
33649	2874406	2
35723	2946940	2
35723	2828607	1
35723	2896770	2
35723	2964842	1
25547	2784898	2
25547	2661157	0
25547	2708859	2
21974	3108040	2
21974	3088638	0
21974	2883811	2
21974	3106936	2
21974	2971805	1
34897	3015034	1
34897	3069689	1
34897	3075674	1
34897	2827240	1
34897	2621391	0
24758	3066768	2
24758	3004973	2
24758	2682056	1
24758	2886085	0
24758	3071269	2
33329	3009876	0
23922	2556112	0
23922	2994244	2
23922	2913670	1
23922	2897794	2
22900	2862292	0
22900	3074362	1
35781	2839292	2
35781	2773779	1
35781	3104892	1
35781	2975420	1
22028	2773779	2
22028	3119391	1
22028	2937401	1
22028	2799711	2
22028	2828128	2
22028	2718805	0
24156	3066572	0
24156	3116292	0
24156	2655408	2
24156	3074632	0
24156	3011482	1
38735	3026433	1
38735	2963239	0
38735	3042457	0
31290	2862292	0
31290	3047512	2
31290	3062041	0
39644	3035544	0
39644	3070449	0
39644	2853689	1
30301	2964522	2
26205	2655408	1
26205	2556995	2
26205	2912410	0
33225	2977722	0
33225	2769448	0
33225	3070290	1
25337	2789264	1
25337	3090583	1
25337	2922904	1
35826	3019367	0
32467	3091857	2
32467	2831544	2
32467	2660165	0
32467	3074321	2
32467	2784894	0
32467	2746861	1
22182	3110772	0
22182	2954967	0
22182	2910085	1
22182	2842959	0
30927	2514713	1
30927	3011608	0
28915	2827287	1
35026	3006087	1
35026	2883809	2
20650	2762358	1
20650	2962566	2
20650	2596912	2
20650	3066572	1
20650	2908170	1
34257	2760124	2
34257	2729513	1
34257	2896771	0
34257	3025597	0
34257	3011608	2
34257	2996066	1
27356	3095036	1
27356	2799711	1
27356	2922183	1
27356	2596977	2
27356	2904621	0
27356	3040522	1
28170	2759967	2
31245	2824373	1
31245	2996066	1
31245	3033065	2
34002	3049168	2
34002	2502473	1
34002	2809775	0
34002	2606612	2
34002	2460308	2
34002	2790637	1
38438	2996187	1
38438	2762567	0
38438	3107300	1
38438	3026900	1
38438	2804033	2
38438	2505778	2
37071	3007537	2
37071	2838509	1
37071	3005856	1
37071	3121360	2
37071	2888308	1
37071	3034707	0
37476	3029374	0
37476	2930379	2
32102	2866201	2
32102	2904220	2
35091	3049168	1
35091	2880454	2
35091	2771279	2
35091	3009876	0
35091	2977103	0
35091	2667233	0
35572	3034532	2
35572	2886683	1
35572	2799910	1
28249	3119391	1
28249	2511949	2
28249	3051655	2
28249	3070294	0
28249	3037971	1
36586	2843790	0
36586	2957139	1
36586	3112576	0
36586	3002103	2
28855	2777308	2
28855	2642435	1
28855	2876933	0
28855	2773780	0
28855	2787849	0
37249	2877268	0
37249	2968193	1
37882	2777310	1
30848	2606691	2
30848	2975204	2
30848	2838098	1
30848	2762566	0
30848	2962653	0
30848	2831413	1
26561	3103923	0
20463	2536279	2
20463	2759540	0
20463	3012592	0
20463	2697760	1
20463	3052446	2
20463	2519803	2
34805	3028207	2
34805	3120335	2
34805	2989993	0
34805	2845966	1
38754	2629904	1
38754	2906042	0
38754	2916797	2
24716	2846685	0
24716	2781492	0
24716	3089448	2
27735	3090835	2
27735	3049169	0
27735	3066768	1
27735	2972830	1
32951	2718554	2
39275	2846685	1
39275	2831544	2
39275	3003040	2
39275	2758629	1
35255	3017598	2
35255	2877591	0
35255	2759250	1
33254	3066935	2
33254	2655406	0
33254	2949815	2
20966	2946766	1
21237	3030074	0
28415	2951143	1
28415	2803457	1
28415	3013656	1
28990	2910085	1
28990	2667303	1
28990	3053880	2
28990	2519077	1
39586	2991286	1
39586	2666586	2
28150	3029097	1
28150	2682102	0
28150	3115943	1
28150	3036770	1
36353	2838099	0
36353	3015032	0
36353	3110413	1
36353	2989547	1
20852	2666421	1
39043	2881562	1
39043	2952153	1
39043	2562914	1
39043	3015702	0
39043	3074632	0
39043	2960306	2
30350	2769448	1
30350	2651185	1
30350	2923095	1
30350	2817320	1
27361	3047154	2
33273	2996065	1
30812	2560958	2
30812	2903191	0
30812	2762600	2
30812	2832798	1
20198	2769292	1
20198	3027967	1
20198	3019367	0
31788	3037605	0
31788	2716101	1
31788	3074303	1
31788	2996131	1
39518	2953446	2
23956	3070289	2
29373	2837921	0
29373	2874464	1
29373	3121072	2
29373	2777292	2
24798	2996065	2
39781	2939087	2
39781	3034534	2
31809	2850926	1
30212	2876770	2
30212	3034199	2
30212	2758930	1
30212	3108497	2
23326	2970896	2
23326	2838862	0
23326	2648437	1
30565	2724710	2
32961	2882326	2
32961	2995389	0
32961	3042516	1
22139	2804185	2
22139	2930249	1
22139	2866198	1
22139	3031635	0
22139	3066773	0
22139	3082394	0
37642	3062031	1
37642	2595461	2
37642	2630221	2
36933	3038115	1
36933	2535186	1
36933	2961713	2
29332	2963250	2
29332	2848056	0
29332	2685071	1
29332	2881385	1
29332	2962635	0
27564	2929316	0
27564	3027518	0
27564	2853792	0
35795	2560958	2
32771	3107572	1
32771	3103923	2
32771	2831338	0
32771	2615769	2
32771	2798078	0
32771	2759295	1
20969	2804231	2
20969	3029068	1
20969	2976021	2
20969	3028271	2
20969	2977649	2
20969	3113646	2
29603	2975422	1
29603	2943503	1
29603	2925250	0
29603	2798079	1
37063	3040521	0
37063	2913437	1
37063	2780371	0
37063	2832703	0
37063	2688299	0
37063	3060803	1
32274	2929315	1
32274	3064786	1
31841	3022504	1
31841	2780992	0
31841	2815007	2
31841	2979462	1
31841	2682118	0
30910	2661157	0
38368	3087849	1
38368	3074285	2
25910	3030073	1
25910	2841786	1
25910	2920132	2
37958	2771115	1
26355	2689074	1
26355	2828607	0
26355	3034705	0
26355	2832798	2
26355	3098279	0
35755	2759540	1
32841	2538202	0
32841	3034536	1
32841	2781583	2
32841	2922186	2
32841	2877591	0
35875	2759540	0
35875	2502479	1
35875	2828678	2
23632	2933633	0
23632	2965761	1
23632	2556113	1
38673	2975204	0
38673	2789366	0
38673	2660115	2
38673	2758630	1
38673	2737016	1
38673	3002145	1
36546	2902399	1
36546	3010466	2
36546	3017598	2
22788	2773779	1
22788	3033601	2
28071	2813917	1
28071	3024288	1
28071	3017598	2
28071	3033444	1
28071	2838489	1
28071	2970540	2
23523	2963114	1
24001	2997263	2
24001	2839197	0
24001	2964523	2
30496	3066782	2
20174	2724711	2
20174	2547724	2
20174	2831546	1
20174	2769292	2
24080	2838673	1
24080	2519080	0
24080	2929473	2
24080	2866198	1
24080	2928768	2
24080	2839326	2
27760	2950744	2
27760	2685074	2
31888	2938328	0
31888	3009895	1
31888	2815137	1
31888	2799927	1
31499	2934078	1
31499	2921774	2
31499	3090835	2
26552	3099617	2
26552	2806489	0
26552	3110413	2
25885	2862294	2
25885	2929499	0
25885	2843934	1
25885	2511953	2
25885	3021669	0
25885	3026125	1
31540	2674635	1
31540	2759725	0
31540	2460307	1
36624	2951183	1
36624	2855086	1
36624	3035087	2
36624	2903495	0
36624	2876770	1
36624	3037605	0
32766	2719072	1
32766	2963620	0
22717	2943360	2
22717	2794807	1
22717	2725476	0
22717	2819102	2
22717	2806676	1
22717	3022507	0
36001	2536277	2
36001	3035726	2
36001	2781584	0
36001	2619644	0
36001	2595461	2
32752	2880456	2
32752	2759425	2
32752	3045203	2
32752	3032078	0
32752	2916822	2
32752	2630221	0
37687	2866205	0
36839	2759102	0
20755	2806489	1
20755	2572638	2
20755	2913128	0
30744	2842952	0
30744	2685071	0
30744	2759285	1
30744	2514710	1
30744	2951192	0
30744	2831413	1
27114	2952153	2
27114	2514710	1
27114	2929891	1
27114	2556111	2
27114	3090566	2
28127	2519076	0
28127	2519082	0
28127	2954864	2
28127	2837921	1
28127	3034357	0
28127	2995793	0
39869	2759603	0
39869	2777291	2
39869	2902249	0
35317	2824189	2
35317	2903189	2
35317	2862293	2
35317	2688231	1
35317	2855936	0
39384	3048897	1
39384	2937403	2
31644	2799530	2
31644	2844106	2
31644	2854891	0
31644	2797882	1
36063	2600998	2
36063	3074632	0
36063	2828128	0
36063	3064091	1
30280	2780992	1
30280	2839024	0
39552	3104832	2
39552	2984647	2
39552	2773782	2
36691	3051518	2
36691	2603781	1
36691	2781362	2
36691	3036770	1
28804	3021723	2
32699	3026429	2
32699	2698508	0
32699	3051655	0
32699	3027516	1
32699	2759425	0
32699	2784897	0
28892	2538422	1
28892	2964235	0
28892	2946940	1
28892	3066765	1
24741	3003107	2
24741	2839361	2
24741	2682283	2
24741	2964113	0
22614	3093711	1
22614	3107244	0
22614	3031253	2
27168	2758631	2
27168	2937215	2
27168	2944611	0
27168	2882168	1
27168	2826947	1
34323	2804033	2
34323	2781699	2
34323	2645494	2
35475	2502479	2
35475	2556108	2
35475	3005238	0
35475	2854890	2
35475	2894061	1
35475	2762597	1
23607	3049099	2
20771	3093610	1
36009	2827194	2
22826	3032926	1
36766	2828785	1
36766	2888270	1
36766	2651185	2
36766	3066797	2
36766	2794608	2
36766	2718806	1
35377	2882327	2
35377	2967742	0
29502	3039750	1
29502	3033602	0
29502	2859658	1
29502	2939358	1
29502	3028270	0
39825	2854890	0
39825	2888843	1
39825	2831548	0
27971	2921774	1
27971	2930201	0
29035	3009876	1
29035	2902324	2
29035	3067048	1
39525	3001090	2
39525	2977006	0
39525	2953363	2
39525	2527293	0
20493	2881274	2
20493	2651146	1
20493	2762600	1
20493	2858839	2
20493	2998374	2
20493	2556996	0
30659	3062018	2
32889	3016579	1
32889	2921774	0
24603	2813917	2
24603	3042457	2
24603	2756254	2
24603	2964842	1
24603	2905210	2
24603	2759910	1
22619	3034536	1
22619	2596912	2
21992	2881545	1
21992	2853842	1
21992	3080718	2
21992	2796275	2
21992	2511952	2
21992	2781618	1
22334	2998374	1
22334	2551915	2
22334	2798079	1
22334	3018735	1
22334	2904933	0
22334	2827859	2
38314	3075657	0
38314	2963424	0
38314	2902237	2
26890	3009223	0
26890	2718804	2
26890	3044374	1
26890	2973153	0
26890	2960400	1
26890	2962783	2
25879	2943360	1
33108	2930137	1
36333	2645494	1
36333	2824373	0
36333	2970214	0
29386	2975421	2
29386	2913502	0
29386	2838489	2
29386	2954135	0
29386	2995389	2
29386	2670936	2
37716	2970690	2
37716	3028207	2
37716	2809942	1
37716	2595460	1
37716	3067465	0
37716	3048857	2
36413	3001622	2
36413	2816765	0
36413	2875818	2
36413	2809993	0
35466	2954967	1
35466	2803032	1
35466	3029373	1
35466	3053909	0
26992	2905210	2
26992	2934747	0
26992	2666507	1
38937	3015030	0
38937	2970946	1
39906	2790639	1
39906	3066782	1
39906	2978076	2
39906	2596939	0
39906	2809962	2
39906	2897474	2
31899	2957089	1
31899	2917637	1
31899	2756446	0
38328	2894061	0
38328	3053909	0
38328	3051746	0
38328	3052918	0
25701	2838545	2
25701	3010163	2
25701	2798162	1
39160	2837918	2
39160	2853688	1
39160	2949364	0
36489	2683342	2
36489	2946766	0
36489	2996067	2
36489	3083100	2
36489	2642802	2
26815	2893804	0
26815	3070289	1
26815	2748440	0
26815	2885949	1
26815	2685740	1
26815	2460308	0
38924	3080718	2
38924	2930201	0
38924	2995793	0
36791	2775386	0
36791	2967280	1
36791	3034978	1
36791	3040521	2
36791	2799927	1
36791	3051746	1
38481	2825301	1
38481	3019339	0
38481	2771117	2
38481	3062031	1
38481	3120604	2
38481	3008564	0
28960	2876770	0
24017	2912410	2
24017	3070289	1
24017	2769292	1
24017	2951192	0
24017	2550074	1
24017	2952270	0
23824	2596857	0
23824	3108040	2
24230	3011485	0
24230	3044204	1
24230	2975204	1
24230	2759874	1
24230	3110888	2
24230	3029068	2
20776	2806494	2
20776	2903187	2
20776	3012592	1
20776	2843932	1
20776	2960143	0
20776	2760131	1
28320	2562915	1
28320	2886208	2
28320	3063706	0
39943	3083100	2
39943	2550072	0
39943	2758758	2
39943	2901985	0
39943	2963316	1
39943	3010405	0
37821	2905283	0
37821	3026423	0
37821	2964903	1
37821	2511949	2
37821	2804129	1
33267	2971805	0
33267	2844102	2
33267	2797885	2
33267	2595462	2
33267	2724711	2
33267	2960004	2
28181	2685075	2
28181	2951060	2
28181	2929464	1
28181	2842407	0
28181	2799530	1
28181	3027680	2
24667	3029312	1
33161	3001187	1
34184	3103922	1
34184	2831544	1
34184	2737017	0
34184	2600999	0
34184	2771230	2
34184	3053948	2
20439	2771230	2
20439	3032077	2
20439	2902399	2
20439	2930199	2
33923	3074295	0
33923	2930218	0
33923	2894061	0
33923	2964841	1
36703	3034978	1
36703	3017598	2
36703	2666581	0
36703	2837922	1
24609	2682059	2
20255	2901985	2
20255	3110499	2
28191	3064409	2
28191	2942097	0
28191	3033605	1
28191	2572209	0
28191	2967742	2
38443	3006037	2
38443	3034532	2
38443	2881569	2
38443	3066570	0
29468	2519082	2
29468	2505781	0
29468	2916824	1
29468	2903191	2
29468	3074279	2
33210	3000964	0
33210	2903191	1
33210	3009504	1
33210	3023864	2
33210	2759865	0
27173	2519804	2
31127	2923866	2
31127	2594090	0
26396	3035726	0
26396	2996129	1
26396	3023305	2
26396	2685073	1
26396	2933292	2
26396	3033601	1
21024	2919343	1
21024	2803031	1
21024	3033065	1
21024	3034703	1
21024	3027969	0
28190	2828221	2
35040	3111617	0
35040	3059969	1
25206	3031253	1
25206	2997263	2
25206	2538423	0
25206	2904301	1
25206	2845932	0
31901	3062709	0
31901	2945639	1
31901	3062559	2
31915	3064091	1
31915	3121009	0
24768	2951192	0
24768	2904488	0
24768	2748439	1
24768	2902315	2
24768	3053908	0
31737	2730897	0
31737	2798079	2
31737	3043944	0
25792	2572252	1
25792	2754542	1
25792	3039812	1
34051	2642472	1
34051	2935399	2
34051	3075657	2
34051	2760131	2
34051	2806494	2
37804	2881545	0
37804	3035208	1
37804	2859460	2
37804	2942240	2
37804	2843787	2
37804	2987312	1
29222	3013632	1
29222	2913502	2
29222	2769289	1
29222	3022508	0
29222	2797546	1
32918	3027683	1
32918	2842407	2
32918	2769288	0
32918	2963988	1
32918	3026429	1
32918	2903190	0
30397	3026425	2
30397	3027519	2
30397	3009775	2
33059	3026900	1
33059	2686260	0
33059	2970541	1
33059	2953060	0
27485	3093708	2
27485	3093586	1
27485	2972096	1
27485	3028604	0
27485	3010466	2
27155	2595464	0
27155	3035208	1
27155	2602068	1
27155	2813834	2
27155	3026902	0
27155	2845989	2
38827	2989550	2
38827	2648792	2
38827	2949496	0
38827	2882311	2
26914	3075674	2
26914	2777292	2
39554	2933042	1
39554	2682366	2
39554	3027969	2
39554	2619714	0
25075	2799716	2
25075	2881545	1
34139	2804232	1
34139	2946764	0
36821	3003040	0
26390	2595963	2
25992	3083193	1
25992	3031477	0
25992	2629972	2
25992	3099682	0
25992	3075145	2
25992	2813868	2
36449	2794827	1
36449	2625235	2
25590	3025095	2
25590	3104832	1
32936	2942242	0
32936	2886580	1
36681	2556108	1
36681	3024288	0
36681	2970541	2
36681	2519079	1
36681	2600999	1
36681	2682359	1
23597	2648436	0
36815	2985837	2
36815	2538424	0
36815	2996134	1
36815	2730897	2
36815	2681864	0
36815	2806491	2
26932	2953446	2
26932	2623894	2
26932	2828607	1
26932	2825183	2
26932	2629906	0
37928	2888271	0
37928	3034478	2
37928	2806491	0
37928	3066571	0
37928	3043942	2
37928	2748758	1
38739	3122068	1
32976	3004561	1
32976	2922186	2
28110	2494090	0
28110	2874666	0
28110	3049170	2
28110	2619629	0
28110	3049169	2
28110	2962566	1
36186	3028207	1
36186	2862293	1
36186	2825979	2
36186	2608750	2
36186	2853987	1
29624	2595464	0
29624	3027517	1
29624	2975206	1
29624	2697760	2
24241	3066949	1
24241	3080685	2
24241	2970995	2
35157	3000946	1
35157	3076091	1
24305	2951183	0
24305	2839144	1
24305	2977648	2
24305	3066782	2
24305	3065204	2
36660	2975214	0
36660	2595963	0
36660	3099617	0
36660	2853842	1
36660	2809898	1
36660	2798118	0
36458	2929473	1
36458	2882326	2
36458	3053903	0
36458	2759295	0
20027	2996063	2
20027	2843323	1
23158	3049099	2
23158	3066572	2
23158	2562914	0
23158	2855935	0
23158	3107241	2
34251	2838098	0
34251	3068262	2
34251	2985837	1
34251	2845988	0
34251	2960081	2
34251	2940046	2
34659	2562915	2
34659	3089493	2
34659	2919343	1
34659	2933392	2
34659	2896769	0
26354	2949304	2
26354	2746696	0
34008	3066768	0
22998	2902324	1
22998	2970896	2
22998	2597000	1
29478	2930271	1
29478	2853689	0
29478	2729515	1
29478	2929473	1
29478	2799716	0
29478	3037605	1
25926	2642802	0
25926	2807681	0
25926	3120335	2
25926	2597000	0
25926	2865714	2
36611	2560958	2
36611	3053902	2
31494	2718807	2
31494	2908170	1
31494	3000962	2
31494	3009775	0
31494	2724716	1
31494	2902239	0
20036	3071008	0
20036	2608750	0
20036	2889093	2
37033	3026424	0
37033	2934081	1
37033	2888844	1
33660	2987312	2
36297	2787664	1
36297	2962635	0
36297	3031253	0
36297	2977103	2
35841	2698819	1
35841	2538202	2
35841	2858839	0
35841	2965761	0
22225	2619644	1
22225	2806494	0
22225	2934083	2
36612	3028272	0
36612	3064053	0
36612	3093609	0
36612	2781362	1
36612	3089493	1
36612	3038535	0
20038	2986281	1
20038	3075852	2
20699	2986308	2
20699	3074632	1
20699	3013877	2
32817	2813590	1
32817	2970387	1
32817	2944348	1
32817	3027680	0
30817	2919343	1
30817	3002643	0
30817	2853687	0
30817	2886063	2
30817	2874105	1
30817	3077352	1
33525	2853689	1
33525	2789298	0
27406	3028603	2
27406	2874666	2
27406	2988900	1
27406	2964499	1
27406	2667403	0
26996	2886085	1
26996	2910085	0
26996	2666929	2
26996	2807685	1
29968	2527293	0
29968	2596912	1
32911	3103197	0
32911	3034536	1
32911	2729511	0
27151	2729516	0
27151	2549945	1
27151	2666247	0
37848	2737016	1
37848	2551916	0
25958	3100201	1
25958	2968193	0
26052	3118202	2
26052	2666421	1
26052	2502476	2
26052	2971546	2
26052	2866204	0
22632	3098103	0
23886	3070292	0
27781	2937987	1
33504	2843322	0
33504	2781148	2
33504	2952272	1
33504	2781493	2
21528	2760141	0
21528	2877246	2
27309	2841025	0
26444	2996132	0
26444	2604578	0
26444	3066951	2
26444	3020541	0
26444	2838674	2
26444	2989547	0
25440	3077107	2
25440	2896771	0
25440	3033602	0
25440	2596010	0
38670	3034478	1
36470	2838099	2
36470	2967742	0
36470	2798055	1
36470	3029374	1
36470	2964531	2
36470	2719939	1
32652	2787744	1
32652	2697760	1
32652	3027969	1
34538	2838489	1
34538	2942242	0
34538	2809962	0
34538	3115957	2
34538	2913670	1
39496	3066570	0
39496	3027519	2
39496	2682059	1
39496	3082394	0
39496	2780992	1
39496	2926114	0
30992	2729515	2
30992	2947732	2
30992	2748439	1
30030	2965899	2
30030	2756397	0
30030	3015702	2
30030	2913128	2
20809	3110888	1
20809	2600999	0
20389	2682349	1
20389	3049170	2
20389	3062041	0
23806	3074303	1
23806	2682102	0
23806	3043185	0
23806	2814993	2
23540	2724710	0
23540	2844949	1
23540	3064786	1
23540	2970540	2
23540	2619736	1
23540	3050761	0
30667	2824035	0
30667	2536277	1
30667	2963662	2
21891	2880456	1
21891	2759156	0
21891	2759725	1
21891	2804231	2
21891	3093645	0
24749	2724714	0
24749	2880471	2
24749	3051518	2
23688	2831546	2
23688	2769291	2
24878	2730897	2
24878	2551913	0
24878	2905283	1
24878	2824022	1
20473	2988900	1
20473	3066951	2
20473	2886683	2
27123	3070296	1
27123	2666889	2
27123	2667273	2
27123	2828606	0
35436	2667301	1
35436	2960004	0
35436	2918198	0
20866	2683675	1
20866	2885491	0
29686	2954967	0
29686	2919496	2
29686	3053907	2
29686	3068262	2
20781	2969220	2
20781	3031635	1
23307	2977649	2
20151	2970540	0
20151	3116292	2
20151	2883810	1
20151	2831543	2
20151	3037500	1
28142	2976021	2
28142	3041444	0
28142	2946087	1
28142	2832798	2
28142	3069689	2
28142	3048271	0
21905	2845992	0
35745	2970541	0
35745	2943523	0
37796	2925250	1
37796	3011608	2
27367	2951212	2
27367	2888271	0
27367	2538425	1
23866	2922879	0
23866	3120335	2
23866	2942236	2
23866	2536278	1
23866	3044204	0
35207	2519805	1
35207	2873810	2
35207	3117277	0
35207	3013656	0
29713	2902315	2
29713	2629904	1
29713	2831413	1
29713	3012536	0
29713	2874666	1
29713	2843935	0
29409	3005857	2
29409	3040508	2
29409	2536277	2
29409	3065780	1
29409	2881276	1
29409	2667541	1
39847	2886208	2
33315	2781584	1
33315	2949364	0
33315	2974747	0
33315	2866204	2
33315	3089493	2
34896	2841563	2
34896	2991285	1
34896	2801489	0
20145	3107018	0
20145	2942242	2
30113	3113646	0
30113	2615760	1
24109	3074303	1
24109	2806488	2
24109	2961713	0
32531	2920043	1
32531	3064409	0
32531	2771651	0
32531	2996129	2
32531	3085107	2
32531	2797881	2
21209	2962635	2
21209	2882312	1
21209	2502558	1
21209	3028272	2
21209	2756254	0
25074	3033605	1
25074	3026424	0
25074	2922902	2
22232	2930208	2
22232	2828678	0
22232	3104832	2
22232	2748585	2
22232	2842954	0
35969	2942236	0
35969	2850926	2
35969	2989549	2
35969	3026125	0
35969	3080494	2
35969	2950179	1
26905	2535188	1
26905	2975509	1
30076	3010466	2
30076	3053558	2
22774	2667265	1
22774	2759050	0
22774	2896768	2
22774	2951060	1
22774	2683677	2
25223	2916822	1
25223	2916842	1
37940	2881275	2
37940	2729510	2
37940	2882327	1
37940	2975465	1
34043	3029097	2
34043	2842955	2
34043	3066768	2
34043	3066809	2
34043	2843930	1
26413	3096998	0
21766	2853685	2
21766	3087763	2
21766	2511952	0
21766	2831545	2
21766	2929891	1
36952	3035208	1
36952	3033602	2
36952	2876933	0
36952	3006037	2
35117	2809898	1
35117	2877582	1
35117	3035726	1
35117	2848280	1
30662	2902249	0
30662	2942093	0
30662	3031068	1
30662	2977343	2
37466	2975201	1
37466	2881277	2
37466	2787744	2
36344	2913502	0
23946	2771278	2
23946	3098103	1
38393	2824373	2
38393	2877246	0
38393	2780371	1
38393	2902239	1
33285	3012592	2
34698	2996131	2
34698	2838862	0
34698	3084717	2
27263	3029374	1
27263	2952831	2
21603	2850132	0
21603	2604577	2
21603	3120335	1
21603	2963177	2
21603	2803492	2
21603	3088085	2
32725	2963322	1
32725	2928865	0
32725	2933633	2
32725	3040508	2
32725	2874638	0
32725	2995388	1
35587	2842958	2
38230	2731008	1
38230	2666555	2
38230	2934208	2
37060	2645492	0
37060	3106936	2
37060	2897794	0
37060	2615758	1
37060	2923095	0
37060	3015028	0
23038	3088085	2
23038	2933042	2
23038	2797548	1
33685	2922904	0
33685	2737015	2
33685	2759425	2
33685	3050761	0
35821	2839326	2
35821	3007537	2
35821	2769291	1
35821	3034199	1
35821	2685072	1
34350	2984648	2
34350	2535190	0
34350	3000946	2
34350	2538424	0
34350	3066782	1
27768	3027972	1
26855	3049166	1
26855	3062018	2
21386	2843321	0
21386	2596912	0
21386	2845991	1
21386	2737018	1
36223	2881272	2
36223	3107241	2
36223	2771230	1
39870	2950366	2
39870	2954967	0
39870	2547727	2
33365	3049166	0
33365	2762508	2
33365	2913659	0
33365	2960004	1
39977	2851812	0
37209	3088085	0
37209	3010265	2
26182	2813917	0
26182	2881273	1
26182	3093610	1
26182	2771117	1
26182	2864985	1
28273	2929891	0
28273	2975424	1
39310	3017598	1
39310	2888844	1
27674	3034703	0
27674	2910920	2
27674	2853587	0
23817	2595462	0
23817	2685072	0
23817	2789365	1
37620	2877028	1
37620	2842956	0
37620	2804033	0
37620	2749086	1
37620	2536279	1
29169	2604578	2
29169	2886091	0
29169	2724713	1
29169	2754542	1
29169	3047411	2
29169	2964842	0
30890	3062041	1
30890	2787830	2
30890	3087416	1
30890	2933634	1
30890	2952153	1
36448	2918690	2
25755	3028605	2
25755	3010163	2
25755	3027967	0
34655	3034320	2
34655	2987263	0
34655	2460306	0
20520	3098103	0
20520	2962733	1
24078	2848057	1
24078	2949364	0
24078	2749085	0
24078	2779525	0
24078	2872828	1
34870	3034534	1
34870	2460307	1
22951	2758629	0
22951	2970928	1
22951	2645494	1
22951	2917637	2
22951	2967742	1
22951	3032052	1
36021	3015032	2
36021	3079828	1
36021	2670936	1
36021	2841628	1
29796	2859658	0
29796	2930271	2
29796	2918687	0
29796	3089448	0
29796	3035727	2
29796	3083191	2
35860	2759910	2
35860	3022506	2
35860	2996133	1
35860	3047512	0
35860	3070297	2
21527	2756252	1
21527	2964037	1
21527	2519076	1
39273	2963662	2
39273	2762397	2
39273	3015028	0
31785	2505778	1
31785	2975203	1
31785	2963424	1
31785	3100201	1
31785	3029312	0
33678	3082226	0
33678	3062018	2
33678	2899908	1
29256	3011608	0
29256	2619698	1
21849	2769290	1
21849	2667348	1
21849	3019313	2
27288	2572608	0
28809	2824370	2
36697	2789365	0
36697	3088085	1
36697	2629905	0
36701	2803032	1
36701	2816341	1
36701	3050400	1
28792	2933725	2
28792	2926474	2
28792	2903189	1
28792	2951212	0
37423	2838509	0
37423	2749139	1
37423	3022507	0
37423	3076096	2
37423	3070300	0
37423	2918689	0
37667	2781492	2
37667	3003963	2
37667	2848056	1
28052	2671078	1
28052	2850132	0
28052	2968193	2
25943	2962782	2
25943	2460308	0
34454	3011756	0
34454	2963988	2
34454	2828299	2
29587	2844104	2
32201	2926114	2
24239	2964843	2
24239	2718804	0
26949	3009895	1
26949	2823926	2
26949	2787830	1
26949	2737017	2
26949	2928944	1
26949	2827194	0
36462	2749139	1
36462	2896768	0
36462	2934039	0
36462	2843322	1
36462	2874638	1
33915	3066103	2
33915	3067470	1
33915	2754464	2
33915	3070296	1
30670	2803831	0
30670	3074362	0
30670	3066782	2
30670	2919319	0
38474	2951060	0
38474	3027971	2
28059	2773281	2
28059	2881544	0
20187	2938507	1
20187	2874794	1
20187	3029375	2
21188	2904621	0
21188	2934214	2
21188	3001796	2
21188	2881544	0
21188	2888270	2
36982	2547728	0
36982	2962635	2
36982	3066768	0
36982	2902315	2
36982	2963424	2
36982	2813212	1
21242	2897474	2
21242	3034360	0
21242	2964522	1
21242	2962653	0
21242	2667403	2
21242	2597000	2
33761	2877588	0
33761	2602068	0
33761	2845992	1
33761	2460304	2
33761	2923866	0
32872	2889093	0
32872	2866203	0
32872	3048271	1
32872	3034199	1
32872	2996064	1
32872	3039812	1
33517	2803034	2
33517	3031635	0
33517	2790638	0
33517	2724712	0
33517	3032078	0
33517	3062031	0
38257	2898900	1
34756	2942235	2
34756	3003963	2
34756	2882326	0
38615	2929316	1
38615	3062031	1
38615	2875818	2
38615	2756397	0
38615	2904301	0
24977	3034707	2
24977	2797882	0
24977	2804033	0
32761	2949364	2
31660	3087416	1
20592	2920181	1
20592	2898709	0
21714	2918279	2
21714	3066950	0
21714	2901985	1
21714	2629972	0
21714	3080717	0
21714	3040522	1
38019	2881553	1
27013	2935235	0
27013	3029079	2
27013	3010881	2
27013	2831547	1
27013	2759082	1
27013	2762508	0
22406	2850376	1
22406	2572609	1
22406	3013877	1
22406	2896784	1
22406	2594085	1
22406	2572586	2
32442	2780994	1
32442	2965317	1
27553	3053908	1
27553	3033604	2
23613	2875818	2
23613	3088035	2
23613	2806419	2
23613	2942098	0
39117	2973153	2
39117	3044978	1
39117	2855936	2
39117	3034703	2
39117	2781492	1
35908	2938653	1
35908	2748249	1
24250	2803950	2
24250	2839144	2
24250	2877645	2
24250	3027518	2
24250	2926112	1
26686	2804033	2
26686	3051518	2
26686	2844948	2
34945	2954928	0
34945	2639786	2
34945	2877268	0
34945	2771230	1
34945	3040522	2
34945	2853690	0
30075	3060855	1
30075	2935414	2
30075	3022505	2
30075	2937987	1
30075	3067653	0
25541	3098279	2
25541	3065204	1
25541	2519807	2
30193	3070296	1
30193	3031635	2
30193	2594085	2
30193	2759874	1
38156	2885957	2
38156	2844951	2
22210	2842953	0
22210	2804232	0
22210	2802581	2
22906	3028271	1
22906	2842954	2
30205	2929316	2
30205	2846684	0
30205	2551913	0
30205	2886105	1
30205	3080717	2
30205	2797880	2
33892	2831546	1
33892	2989548	0
33892	2938507	2
33892	2837922	2
33892	2922879	2
33892	2837919	1
22116	2505780	0
22116	2946768	2
22116	3034533	1
22116	2801489	0
22116	2828785	0
28551	3071008	1
28551	2562914	2
28551	2843788	0
23337	2596857	0
23337	3083191	0
23337	2729511	2
23337	2904621	1
23337	2942097	1
26530	2827155	2
26530	3065204	0
26530	2781414	1
26530	2594085	0
21311	2961711	1
21311	2801489	1
36781	2944348	0
36781	3108040	1
36781	2885197	2
20841	2787720	0
28074	2816384	0
28074	2916825	2
37979	2850376	1
37979	2682059	0
36684	2611855	0
36684	3098103	2
26983	2975465	1
26983	2848895	2
26983	2667109	0
28465	2945639	0
28465	3027967	2
28465	3110499	1
33692	2853007	2
33692	2787720	0
33692	2960255	0
33692	3034356	0
22902	2957480	0
22902	2769289	1
22902	3053904	0
22902	3098279	2
22902	2787720	0
22902	3043025	0
29919	2824371	2
29919	2655407	1
38469	3007537	0
38469	2877268	2
25428	2689074	1
25428	2877197	1
25428	3034707	2
25428	2606612	2
29647	2837919	1
29647	3100201	0
29647	3028604	0
26010	2536280	1
26010	2975424	2
26010	2762508	2
26010	2960117	0
26010	2799910	1
26010	3006269	1
30052	2893804	2
30052	2666988	2
30052	2964270	2
30052	2841628	0
30052	2748585	2
37201	3026423	1
37201	2816384	1
37201	2527294	0
34313	2853587	1
34313	2823926	2
34313	3050444	2
34313	2951314	2
34313	2904988	0
27861	2549948	2
27861	3015032	2
21496	2934078	0
21496	2949304	2
21496	2975424	1
21496	3104876	1
21496	2984802	2
21496	2949922	0
29477	2930218	1
29477	2758866	2
29477	2967280	1
26829	2942240	2
26829	2801489	2
26829	3064053	1
26829	3000954	0
26829	2538425	1
26829	2758866	1
22326	3028271	2
22326	2519080	2
22326	3066764	0
22326	2824370	1
30638	2930201	0
30433	2551913	1
30433	3076096	1
30433	2831547	2
30433	2934206	2
30433	2901985	2
31855	2759698	1
31855	2970746	2
38940	3011390	0
38940	2906042	0
38940	2882311	0
31643	2919808	1
31643	2623892	1
35833	2629905	1
35833	2651185	2
35833	2549946	0
35833	3044978	1
35833	3009775	2
35833	2885197	0
24847	2926114	0
24847	2940057	1
24847	2953160	0
28327	2970946	0
28327	2797885	0
28327	2773779	1
28327	3039793	1
28327	2989549	2
28327	2953952	2
22550	2562915	0
22550	2547728	2
22550	2551917	1
36239	2842955	0
36239	2839198	2
36239	2866201	1
23856	3116292	0
23856	2759816	2
23856	2803973	2
39450	2538201	2
39450	2843935	0
39450	2514714	1
25531	2797549	2
25531	2666555	0
25531	2843935	1
25531	2781493	1
25531	3002087	2
20885	2924272	1
20885	3030074	1
20885	2802576	2
20885	3034356	2
20885	2689132	2
34389	3090580	2
34389	2929473	1
34389	3071008	2
34389	2970995	0
34389	2666906	0
25405	2975509	1
25405	2994399	0
25405	2718526	0
25405	3066770	0
21107	2850132	2
35716	3028270	1
29136	2809943	0
29136	2960081	0
28713	3075657	0
28713	2968193	2
28713	3031672	1
28713	2963157	2
28777	3005855	1
28777	2929317	2
28777	2930199	2
30480	3099682	2
30480	2815004	2
30480	3067048	2
30480	2535186	2
30480	2926112	0
30480	2881385	2
22807	2855811	0
29807	3104832	0
29807	2855935	0
29807	3027518	0
29807	2682052	0
29807	2978076	0
25137	2729511	1
25137	2951060	2
25137	2977735	2
25137	2827859	2
25137	2970928	0
25137	2813212	1
38030	2904933	2
38030	2898900	2
38030	2769291	2
38030	2602068	0
38030	2756446	2
25248	2970928	1
25248	2903188	1
25248	3037605	0
25248	3027970	2
25248	2605511	0
25248	2798161	0
39933	2906748	0
39933	2937401	2
39933	2930199	0
39933	2716157	2
33646	2842955	2
33646	3022507	0
33646	3012536	1
33646	3007537	1
33646	2930201	1
28516	2685740	1
28516	2759285	2
28516	2874464	2
28516	3090583	0
28516	2562915	1
28516	2975206	0
38531	2966454	0
38531	2921770	1
36062	3053904	2
36062	3079406	0
36062	2952272	2
39894	2562918	2
39894	3040508	1
35958	2987263	0
35958	3063682	1
35958	2862292	1
23089	2762359	0
30036	2777291	0
30036	3047154	0
30036	2838673	2
30036	2989547	2
30036	3120604	0
20144	2920077	1
20144	2806676	1
20144	2949304	1
20144	3027970	2
33048	2964523	2
33048	2827155	1
33048	2666247	0
33048	3079128	1
33048	2910919	1
33048	3002145	1
23181	2602068	1
23181	2685074	0
23181	2799716	0
39178	2813917	2
39178	3010466	2
39178	2789264	2
39178	2907114	1
39178	2737015	1
27383	2918198	1
27383	2910919	2
27383	2789366	1
27383	2970387	0
23174	3045203	2
23174	2803031	1
23174	3069689	1
23174	2572590	2
23174	2947732	0
23622	2873313	2
23622	2799910	0
23622	3009347	0
23622	2737016	0
23622	3034478	0
33872	2881277	2
24650	3006167	2
33260	2991286	2
25990	2797880	0
25990	2771112	1
25990	3077107	2
25990	2536278	2
27303	2853685	0
34460	2989550	2
20387	3012592	1
20387	3028270	0
20387	2560956	0
20387	2848057	1
32706	2848056	2
28869	2953160	1
28869	2815004	1
28869	2934211	2
28869	3034703	1
28869	3019290	1
25602	2787743	0
25602	2971817	1
25602	3044204	0
25602	3015169	0
25602	2780994	0
25602	2934209	2
37432	2898897	2
28010	3031143	2
28010	2831543	0
28010	3118571	2
28010	2502473	1
26179	2971805	1
30701	3029068	2
30701	2933633	1
30701	2817278	0
38418	3028602	0
28646	3088914	2
28646	2759874	1
20772	2460306	0
20772	2838099	0
20772	3060756	0
33508	2910918	2
33508	3035727	0
33508	2826219	2
29491	2853988	1
29491	3121360	0
29491	3040508	0
37728	3011390	1
37728	2816346	2
37728	2844104	0
37728	2843792	0
37728	2942765	0
32212	2905367	2
32212	3010466	0
32212	2762397	2
32212	2642473	2
28715	2839291	0
28715	2764268	2
28715	3104528	1
28715	2971546	2
28715	3103922	0
24724	2790639	2
24724	2960367	0
24724	3066570	2
24724	3021723	2
21786	2954940	0
21786	2853662	0
21786	2759698	1
21617	3043142	1
21617	2823652	2
21617	2922903	1
21617	3047154	0
29645	2951183	2
29645	3071008	1
27715	3070299	2
27715	3076096	2
27715	2682056	2
27715	2996132	2
27715	2964523	0
23835	3119391	2
23835	2917564	1
23835	3000962	1
23715	3040212	0
23715	2957225	0
23715	3091146	0
23715	3088032	0
23715	2964539	2
23715	2718808	2
38896	2839024	2
38896	2977584	2
38896	2799836	1
38896	2971943	0
38896	2913704	0
38896	2550914	0
27092	3027705	1
27092	2837918	2
27092	2874658	2
27092	2777292	2
34632	2844106	0
34632	2621391	0
34632	2922320	2
32644	2748249	2
32644	3027970	2
32644	2964531	1
32644	2930199	0
32644	3052918	2
32644	3074285	2
37803	2949922	2
39610	2971817	1
39610	3004561	1
39610	3075852	0
33792	2970928	2
33792	2748440	2
33792	2759521	1
33792	2651233	2
33792	3007537	0
39356	2933063	1
39356	3082394	1
32205	2685076	2
32205	2771117	1
35732	2868442	0
35732	2977638	2
35732	3000964	0
35732	2921773	0
35732	2759974	2
34181	2942097	0
34181	3064787	0
34181	2970540	1
34181	2666459	2
38786	3043942	1
38786	2853587	1
38901	2933725	0
38901	3034320	2
38901	2874658	1
38901	2881277	0
31516	2904301	0
31516	2842407	0
31516	3093609	1
31516	3064788	1
35088	2952270	1
35088	2611855	0
35088	2896771	0
35088	3070299	1
21566	2917476	0
21566	2945639	0
21566	2885944	0
21566	2930249	0
21566	3010405	0
21566	3074295	2
25029	2896768	0
25029	2685074	0
27736	2843932	1
26924	2843321	0
26924	2943669	1
26924	3070299	2
26924	3079034	1
26916	2768588	0
26916	3010881	2
25915	2898711	0
25915	2719071	2
25915	2942101	2
31164	3088033	2
31164	2843791	1
31164	2603781	1
31164	3066949	1
39436	2827194	2
39436	2708859	0
39436	2872132	0
39436	2797550	1
39436	3010881	2
34564	2880471	1
34564	3067653	2
34564	2827295	2
32852	2843933	2
32852	2963157	0
32852	2596010	2
32852	2963250	1
32852	2930249	2
22042	3070294	0
33998	2970928	1
33998	3007537	0
26713	3029078	2
23931	2519806	1
23931	2595460	2
23931	2844103	0
28682	2897472	0
28682	2996137	0
28682	2759874	0
28682	3062042	1
28682	2897706	2
28682	2549944	0
28046	3080494	2
28046	2845966	0
21948	2991287	2
21948	2839145	2
21948	2824035	0
21948	2729510	0
35507	2779525	0
35507	2886683	1
35507	3034978	2
35507	2943669	0
35507	2772677	0
35507	2759603	0
31590	2596857	2
31590	2511953	2
31590	2985536	1
31590	3066764	1
32299	2621391	2
32299	3032052	2
32299	2846681	0
32299	3118571	0
32299	2975508	1
32299	2601001	1
31865	2977735	1
31865	2595963	1
31865	2975421	0
29731	2896769	1
29731	2595464	1
29731	2651233	1
29731	2826219	0
29731	2671078	2
29731	2816346	2
35993	2615761	2
35993	2725476	2
35993	2975205	0
32858	3028601	1
32858	2872132	0
32858	2551915	2
32858	2893807	2
32858	2814993	0
31058	3113646	2
31058	3085107	1
31058	2882270	1
31058	2689074	2
29205	2967330	2
29205	2729510	0
29205	3038798	0
29205	2688867	1
30656	2737017	1
30656	2995914	2
25238	2778934	0
25238	3027967	1
25238	2535190	2
25238	2962733	2
25238	2970896	0
25238	2519080	2
26047	3049168	0
26047	2803031	2
26047	3097792	1
21749	2899400	0
21749	2881113	1
21749	2724712	2
22031	2963177	0
31298	3028012	1
31298	3066935	1
31298	2813869	0
31298	2837918	2
31298	2824774	0
31298	2855936	1
24396	3012830	2
24396	2538427	0
24396	2975205	1
24396	3028603	0
24396	3012536	2
24396	3027519	0
32290	2977722	1
32290	3091855	0
32290	2910918	0
32290	2933392	0
32290	2824774	2
32290	2772677	2
30503	2839145	0
30503	2949949	0
35888	2876722	1
35888	3015031	2
35888	2888844	1
35888	3044978	2
35888	2918691	2
35888	3008564	0
34932	2964534	0
34932	3034888	1
34932	2942099	2
34932	3079034	0
34932	2886683	2
34489	2984648	0
34489	2963498	1
34489	3096998	2
24118	2967330	1
24118	2748274	2
39449	2460311	1
39449	2922184	1
39449	2546684	0
27294	2905004	1
27294	2809925	2
27294	2756378	2
27294	3108040	0
27294	2771651	1
30127	3050444	1
30127	2986308	2
30127	2773781	0
30127	3025438	1
33105	2666521	2
38105	2848057	1
38105	2828221	0
38105	2648437	0
38105	3034536	0
38105	2935235	1
38105	3001622	0
34612	2536277	2
34612	2873313	0
31603	2977648	2
31603	3121072	1
31603	2595461	1
31603	2666988	1
31603	2903188	0
31603	2803032	1
27597	2827860	1
27597	2616612	2
27597	2827155	2
27597	2839145	1
27597	2843026	0
27597	3005857	0
28154	2946764	2
28154	2869012	1
28154	3027517	2
28154	2666459	2
28154	2999536	0
28154	2853587	1
39452	2903495	0
39452	2951329	0
39452	2773780	1
39452	2778934	1
39452	2816400	2
39452	3033150	2
30746	2762359	1
30746	2977809	1
30746	2880538	1
30746	3034358	1
35108	2794807	2
35108	3118571	0
35108	3062790	0
35108	2842952	2
35108	2682349	2
32991	2881273	0
32991	2519082	0
32991	2975202	1
32991	2916827	1
32991	2939087	0
32991	2556112	1
22866	2502570	0
22866	2460304	2
22866	2938782	0
22866	2862294	1
22866	2682335	2
31019	2862292	2
31019	2975204	2
31019	2886091	0
36053	2718526	2
20022	3028270	0
20022	2881271	1
20022	2771277	0
24654	2929464	0
24654	3006987	1
24654	2729511	0
24654	2851812	0
24654	2914702	2
24654	2616612	2
28966	2929499	0
28966	2929317	2
28966	3045203	0
28966	2839291	0
28966	2946768	2
28966	2921773	0
32156	2862294	2
32156	2875295	0
27334	3069689	0
27334	3110459	1
27334	2964841	0
27334	3049166	0
22809	2970746	2
22809	2989547	2
22809	2977308	1
33352	3027518	1
33352	2642802	2
33352	3110413	2
33352	2781584	0
33352	2974604	0
20778	2572246	2
20778	3028207	2
20778	3093709	2
20778	2987312	0
20778	2850929	2
20778	2925250	2
24197	3088045	0
24197	2795262	1
24197	2923097	2
24197	2572247	1
34243	2781493	2
34243	2972263	1
34243	2918279	0
22804	2560953	2
22804	2919343	2
24774	2843788	0
24774	2874464	0
24774	3091855	2
24774	2547727	2
24774	3066087	2
27064	2866199	1
27064	2841786	1
27064	2949496	2
27064	2748440	1
27064	3018735	2
25350	3034358	1
25350	2902364	1
25350	2547725	1
26453	2850926	1
26453	2996064	2
26453	2919319	0
26453	2963177	1
26453	3035734	1
26453	3091855	0
37216	2946764	2
37216	2595907	2
28952	2970896	2
28952	2907588	0
28952	2949815	1
23971	3040523	0
23971	2616633	2
23971	2863448	0
36674	3118692	1
36674	3001090	0
24459	2784898	2
24459	2781709	1
24459	3030074	2
24459	2806495	1
30271	3007537	0
30271	3112583	2
30271	3034357	2
30271	2935235	1
30271	3033604	2
36667	3002643	1
36667	3107017	2
36667	2844105	2
30977	2967330	2
30977	2957492	0
30977	2862292	0
30977	2771230	1
30977	3066778	2
32158	3066103	1
32158	2944611	2
32158	2716157	2
32158	2798117	2
32158	2957225	1
39125	2960144	0
39125	2666507	1
39125	2960004	1
39125	3071510	0
25129	2684256	2
25129	2606691	0
24388	2970889	1
24388	2996131	2
33412	2789366	1
33412	2797546	1
33412	2960306	2
33412	2933292	0
33412	2886020	1
22387	2511953	1
22387	3023864	0
22387	2949304	1
37270	2930271	1
37270	3096214	1
37270	3009504	1
37270	3025597	1
22011	2935339	0
32601	2933392	1
32601	2843322	1
25384	2769450	0
25384	2828221	0
25384	2771281	1
25384	3027969	0
35906	2762397	2
35906	3015031	1
22629	3020539	2
22629	2547730	1
22629	2985830	0
22629	2881553	1
32923	3053880	1
32923	2844949	0
23405	2950366	2
23405	2572247	1
23405	2868442	0
23405	3019367	0
23405	2799910	0
23405	2619667	1
21328	2959782	1
21328	2923866	2
28499	3099616	2
36590	2964841	0
36590	2888843	1
34939	2842954	0
34939	2787830	0
34939	2967280	0
34939	2904983	1
29825	2996064	1
29825	2826219	0
29825	2866198	2
29825	2904983	0
29825	2902252	2
29825	2538422	2
21148	2756446	1
21148	2724713	1
21148	3027679	2
29868	2962566	0
29868	2651233	0
26170	3082180	0
26170	2896768	2
26170	2848280	1
26170	3002143	1
26170	3026873	0
31078	2667538	0
31078	3032331	2
31078	2682335	1
31078	3031068	1
31078	3065780	1
31078	3028634	0
21048	2828678	2
23192	2905283	0
23192	2771278	1
23192	2629905	2
23192	2642435	2
23192	2762567	2
27691	2883810	1
27691	2977722	0
27691	2957480	1
27691	2682335	0
27691	2667265	1
27691	2781492	0
33341	2886767	0
33341	2682359	1
33341	3039785	1
33341	2920216	1
32147	2842954	2
32147	3066572	1
32147	2538423	2
32147	2933392	1
32147	2996062	1
24471	3088034	2
24471	2949253	2
33067	3015034	0
33067	2799713	2
33067	2737015	1
33067	2572246	2
33067	3079034	1
33067	2739636	2
28090	3031068	0
28090	3047411	2
28090	2972830	1
26305	3066573	0
26305	3031672	0
38731	2619736	0
38731	2846680	2
24791	2846681	1
25286	2934211	0
25286	2991286	0
25286	2759495	2
25286	2953952	1
23140	2989548	0
23140	2846680	2
23140	2877629	0
20474	2803492	1
20474	2984647	2
20474	2718804	1
27205	2934214	0
33637	2804129	1
33637	3043185	0
33637	2926113	0
33637	2896769	0
33637	3015030	2
33637	3031253	2
39460	3011608	0
39460	2970164	0
39460	2787743	2
39460	2913659	1
39460	3029078	2
27363	2724714	0
27363	2762598	2
27363	2826219	2
27363	2538202	0
27363	2903187	2
27363	2943503	2
23309	2828369	0
23309	2807681	1
31636	2838862	1
31636	2556111	1
21734	3044978	2
33961	2874167	1
33961	3045203	0
33961	3049169	1
33961	2963424	1
39596	2853684	0
39737	2666826	2
39737	2916825	2
39737	2596857	0
39737	3026041	2
39737	3047411	1
39737	2804232	0
31954	2885949	1
31954	2975465	2
31954	3107335	0
31954	2651233	0
31954	2949304	2
37788	3107241	0
37788	2945639	0
37788	2961641	1
37788	2975214	0
37788	3097792	1
31564	2854892	2
25608	2682102	2
25608	2800012	0
33106	2839024	2
39782	2825642	0
39782	3020168	1
23014	2759082	0
23014	3013596	0
23014	2946112	2
23014	3001622	1
23014	2772677	0
29380	3053909	0
29380	2809925	2
29380	2996065	0
29380	2547728	2
29380	2839173	0
29380	2815136	2
31273	2920181	0
31273	2595908	1
31273	3015038	1
26257	2560952	1
26257	3066773	0
26257	3085107	2
34167	2802579	0
34167	2824371	1
34167	2946087	2
34167	2942240	2
34167	2971817	1
34167	2907114	2
29762	3032078	2
29762	2667541	1
27520	2645492	2
21357	2979462	2
21357	2729516	2
21357	3080718	0
21357	2519079	0
21357	2684256	1
21357	2629904	0
34122	2595460	0
34122	2629970	0
38607	3071196	0
38607	2888842	2
38607	2826223	1
38607	3067653	2
38607	2882326	1
38607	3001090	0
24335	2674635	1
24559	2689132	2
24559	2645492	1
24559	2894061	2
24733	3035087	1
24733	2615769	0
24733	2837919	1
24733	2945069	0
24733	2682283	2
24733	3018785	0
35612	2519080	1
35612	2916825	2
30472	2896769	0
30472	2844513	2
30472	2831546	2
30472	2902452	1
30472	2808617	0
30472	2550072	0
22363	2853687	2
22363	2572246	0
22363	3107241	2
31732	2759974	1
33245	2886091	1
33245	2951143	0
33245	3028604	1
33245	2562914	0
31172	2880456	1
31172	3023864	1
31172	2642473	2
31172	2904988	2
31172	2881545	0
30103	3065204	2
30103	2967742	2
27705	3032498	2
27705	2960179	2
27705	2853007	2
27705	3001796	2
35128	3121072	1
35128	2547726	1
35128	2560956	2
35128	2853683	2
35128	2549947	0
37782	2682359	2
37782	2853008	2
37782	3022506	0
37782	2843934	2
21062	2685073	2
21062	2921771	0
21062	3074303	0
27725	2951183	1
27725	2963241	2
27725	2729511	0
27725	2944348	1
27669	2874794	1
27669	2996065	2
27669	2873315	1
24289	2549947	0
24289	2995870	1
24289	2842952	2
24289	3093609	0
24289	2724713	1
24289	2926112	1
24681	2963498	1
24681	2960348	2
24681	3009895	1
24681	2816400	2
24681	3009775	1
24681	2916822	2
30185	3025095	1
30185	2956547	2
30185	2897992	2
34417	2460311	1
34417	3089448	0
34417	2807681	2
34417	2855918	2
34417	2859658	1
22524	2737014	1
22524	2985837	0
35063	2874464	0
35063	2910915	0
35063	2920132	0
35996	2804033	1
35996	2957139	2
31735	2615760	1
31735	2787714	0
23900	2842952	1
23900	3034534	0
23900	2502473	2
23900	2826947	2
23900	3120370	1
36233	2816341	1
36233	3070294	1
36428	2842953	1
36428	2560958	1
36428	2594085	2
36428	2874794	0
36428	2996064	1
36428	3022506	2
21099	3031809	1
21099	2648792	1
21099	2839326	1
31668	2547727	2
32522	2514715	0
32522	2798162	1
32522	2623893	0
28226	2642802	0
28226	2748177	1
26016	2716102	1
26016	2922904	2
26016	3021669	0
26016	2760236	1
26016	2889588	0
35543	2759495	0
35543	2886020	0
30649	2762508	1
30649	2810028	2
30649	2615769	0
30649	2951212	0
20350	2937987	2
20350	3112576	2
20350	3053905	0
20350	2815004	2
26938	2910916	0
26938	2549946	1
26938	2666507	0
26938	3028602	2
26938	2787744	0
23627	2912410	2
23627	2737014	2
23627	2927292	2
32818	3118692	2
32818	2881276	0
32818	2769291	2
31028	2797546	2
31028	2964270	2
31028	2898709	2
31028	2928865	1
38958	2771279	2
34707	3062042	0
34707	2985837	0
28755	3082394	2
28755	3034831	1
28755	3067164	2
30961	3115957	2
30961	2853689	2
35896	3027519	0
35896	3074363	2
35896	2842952	1
35896	2844513	1
35896	2826941	2
35896	2880456	0
32203	2967372	1
32203	2854891	0
32203	2953307	2
32203	2933063	2
32203	2964903	0
32203	3118571	0
33150	2995389	1
28698	3074285	2
28698	2922879	1
28698	2827194	0
28698	2842956	1
39050	2666421	0
39050	2904220	1
39050	2888269	1
39050	3026125	2
39050	3060855	1
39050	2825642	0
29864	2789265	0
29864	3115268	1
29864	3110369	1
29864	2911895	1
31580	2758866	1
22174	2831545	2
22174	2898711	2
22174	2930454	2
22174	2759050	0
26369	2839174	2
26369	2844949	1
26369	2828678	2
26369	2848280	0
26369	2642435	0
28957	3041444	2
28957	2681864	2
28957	2950370	2
28957	2642472	1
28957	2930208	0
28957	2896784	0
39415	2929499	1
39415	2960255	1
29420	2937987	2
29420	3035726	0
29420	3070297	1
29420	2519807	0
28147	3107334	2
28147	2844106	1
28147	2762597	2
28147	3074322	0
29352	2963250	0
29352	2759250	1
29352	3107017	0
29352	3027519	2
24927	2773780	0
24927	3026430	1
24927	2784894	1
24927	2918198	0
24927	2773778	0
32946	2685075	2
27606	2848255	1
29078	2848895	2
29078	3051518	1
29078	3034360	1
29078	2810028	2
29078	3035208	0
31905	2535190	0
31905	2911895	0
23076	3048857	0
23076	2797883	1
23076	2898707	2
23076	2536278	0
23076	3066780	0
23076	2874794	0
21220	2952155	1
21220	3080494	1
21220	2682124	2
36088	2839024	2
36088	2930219	0
21221	2989993	0
21221	2502477	1
20188	3026431	2
20188	2827194	2
20188	2945639	1
20188	2940057	2
35483	2827858	1
35483	2957089	2
35886	3009504	0
35886	2939358	1
27625	3034706	0
27625	2964523	2
27625	2938507	0
27625	3005238	1
34014	2897794	2
34014	2843320	1
34014	2902452	0
34014	2986308	2
33696	2682283	2
33696	3005855	1
33696	2930219	2
33696	2972263	2
33696	3000273	0
23414	2960561	0
23414	2963316	1
23414	2756254	1
23414	2787743	1
20711	3004973	0
31339	2998374	1
34855	2938782	1
34855	2817320	2
34855	2547729	2
34855	2666586	0
34855	2799927	2
36601	2683675	0
28762	2939358	1
35324	3089468	0
35324	2904621	1
35324	3053907	1
35324	2989548	0
28737	2800012	1
28737	2556112	0
28737	2667539	0
28737	2798079	1
23733	2754541	1
23733	2874754	0
23733	3084717	0
23733	3107241	2
26116	3113244	1
37122	3062018	2
32293	3010265	0
26595	2919342	2
34125	2596926	2
34125	3053948	0
33953	3111781	0
33953	3015028	0
33953	3023055	0
33648	3040508	1
33648	2645496	0
33648	3047154	2
33648	2930456	0
33648	2970892	0
33648	3006087	0
35560	2666507	0
35560	2853662	2
35560	2904488	0
31951	2844104	2
31951	2536495	1
31951	3074322	0
31951	2759910	2
31951	2910917	0
31951	2874708	1
26619	3074364	1
26619	2817278	2
28845	2858415	1
28845	2938782	1
37933	3115943	1
29791	2780991	1
29791	2595827	1
37202	2843788	0
37202	3066768	0
39026	2804340	2
39026	3029426	2
39026	2684159	1
39026	2595464	2
35672	2773780	2
35672	2954928	2
35672	2972830	0
35672	2896770	1
35672	2964844	1
39419	2977517	0
38311	2595460	2
38311	3028602	1
38311	3050443	1
38311	2682359	0
38311	2923097	0
35057	2937215	0
35057	2883810	1
35057	2848280	2
35057	2953846	1
32515	2953446	0
32515	3047293	0
32515	2781362	0
32515	2828221	1
22591	2960081	2
22591	2754464	2
22591	2828299	0
22591	2843931	2
35796	2874708	2
20773	2519807	0
20773	2919343	0
20773	2949815	2
20773	2960237	2
20773	2904995	0
25752	3034704	0
22790	2975203	2
22790	3025095	0
22790	3031430	1
22790	3112583	1
22790	2666967	1
38561	3069689	1
26917	2897706	1
26917	2954928	1
22597	3085107	2
33154	3110458	0
33154	2953320	1
34524	2922184	0
34524	2975214	0
34524	2596912	1
34453	2572254	2
34453	2881273	2
34453	2661157	2
34453	3031809	1
34453	2902239	0
34453	2667301	2
30215	2902315	1
30215	2975202	0
30215	2843930	0
30215	3104836	2
36782	2949253	0
36782	2844105	0
20438	2975202	2
20438	2933725	2
20438	3026433	0
20438	2862293	0
37576	2996066	2
27049	2905283	1
27049	3090835	1
28098	2904995	2
28098	2684256	0
33207	2905367	0
33396	2942238	1
33396	2920061	1
33396	2854783	0
26822	2917564	0
26822	2831413	2
26822	2905210	2
28751	2882168	0
28751	2514715	0
26585	2929499	0
26585	2769292	0
26585	2748758	2
26585	2874167	2
26585	3042457	2
26585	2977006	0
32907	3088033	2
38471	2817295	1
38471	2596010	2
38471	2977006	0
38471	2731008	1
38471	2935414	2
25332	3033169	2
25332	2975203	2
25332	2970387	0
25332	3107461	0
25332	3060855	1
25332	2927292	2
20883	2807685	1
20883	2801489	0
30038	2813917	2
30038	2950744	2
30038	3026425	2
30038	3103197	1
30038	2970541	1
30038	3020064	0
33020	2930218	0
33020	2595461	0
35680	2858415	0
35680	2996136	1
35680	2666581	1
30079	2916825	2
30079	2756397	0
30079	2800000	2
30079	2648438	0
21637	3009947	1
21637	2815154	0
21637	2975204	0
21637	3063706	0
23036	2594090	0
23036	2881275	1
23036	2985536	1
23036	2975204	1
23036	3076849	0
23446	2919342	2
23446	3032498	0
23446	2964844	2
23446	2939087	0
23446	2963241	2
23446	2773778	1
34949	2648436	2
34949	3031616	2
20180	2913704	1
20180	2666586	0
20180	2896768	1
20180	3020064	2
20180	2771113	0
20180	3031142	1
22392	2682283	2
22392	2538425	1
22392	3066571	1
22392	2975508	0
27743	2888269	1
27743	3075145	2
34832	2799716	0
34832	3029079	0
34832	2996132	1
34832	2960255	0
34832	3034360	2
30924	3105384	2
30924	2560958	2
30924	2813590	1
34061	2505781	1
34061	2771114	2
34061	2759606	0
34061	2724716	1
34061	2962587	0
32733	2950370	1
32733	2826952	1
32733	2629972	1
32733	3041792	2
32733	2925250	1
32733	2615759	2
35394	3022506	1
35394	2898900	2
35394	3044374	0
35394	2519082	1
35394	2913502	0
34844	2978938	1
34844	2667348	1
32912	3066105	0
32912	3024288	0
25563	2629904	0
25563	2724715	0
25563	3022505	1
25563	2623893	0
25563	2678394	2
28728	3034533	0
28728	3052446	0
28728	2866198	2
28728	3019290	1
24294	2964235	2
24294	2850926	0
24294	2781583	1
24294	2604578	0
24294	2854783	0
26845	2874105	2
26845	2885197	2
26845	3031142	1
26845	3070299	2
29480	3000274	2
29480	2837921	0
29480	2809581	1
29480	2729511	2
29480	2605511	1
21164	2781148	2
21164	2535188	1
21164	2930454	2
21164	3005856	0
21164	3112576	2
32564	3007479	2
32564	2724713	0
32564	3047411	0
32564	2769464	0
32564	2949253	0
32564	2759441	2
26798	2918687	1
26798	2930218	1
34162	2881275	0
34162	3027967	0
34162	2595461	1
34162	2930219	2
34162	2901798	0
32300	2729514	2
32300	3093584	2
32300	3110413	2
32300	3033444	1
26677	3028605	2
26677	3003040	2
26677	3040521	1
26677	2965899	2
26677	2642472	2
26677	3068313	1
39282	3041444	1
39282	3096911	1
39282	2964523	2
20837	2845988	2
20837	2719071	2
22129	2813590	2
22129	3026427	1
22129	2514714	2
37497	3053558	0
37497	3034477	2
37497	3009504	0
37497	3116291	2
37497	2952273	0
29752	2772677	1
29752	3000964	1
29752	2725005	0
31081	3079128	2
31081	2951192	2
31081	3110458	0
31081	3099682	2
34833	2961713	2
34833	2970892	1
34833	2905004	0
34833	3006037	0
34833	2930217	0
26150	2825301	1
26150	3019290	2
26150	2934208	2
26150	2816341	1
24670	3093711	1
24831	2945639	1
21688	2881113	2
21688	2838861	2
21688	2881569	2
28776	2975424	2
28776	3053909	1
28776	2804129	1
28776	2949924	0
28776	2759495	1
28776	3023864	2
36528	2971919	2
36528	2823846	1
36528	3050444	0
26672	2863448	1
26672	2802578	2
26672	3019290	1
27508	3053880	2
27508	3053904	1
27508	2536278	2
27508	2651185	0
27508	2888308	1
27508	2780992	2
38134	2666247	0
38134	2824022	1
28391	2946942	0
38878	2953160	2
38878	3059969	0
38878	2651154	1
29952	2970896	0
29952	2514712	2
29952	2952270	0
21554	2787849	2
21554	2946087	1
21554	2816384	2
21554	3099682	2
21985	2949815	2
25253	2966454	2
25253	2911895	1
25253	2866204	2
25253	3066773	1
25253	2886580	2
25253	3011609	0
33578	3074279	2
33578	3111820	2
33578	2853662	1
26360	2922904	2
26360	2839174	2
26360	2685073	1
32960	3063706	0
32960	3015030	2
32960	2881278	2
32960	2729512	0
32960	2996133	1
36438	2977648	1
36438	2562916	1
36438	2946765	2
36438	2547728	2
36438	2949815	2
37616	2935399	0
35192	2519806	1
35192	2922186	2
35192	3000962	1
35192	2759521	0
27846	3070449	1
27846	2930552	0
27846	3093584	2
27846	3034358	1
27846	2960400	0
20341	2855086	1
27373	2963157	0
27373	2963241	0
27373	2799836	2
20540	3106936	0
20540	2902252	1
20540	2953846	0
20540	2972358	2
20540	3053908	2
35615	2762508	1
25697	2629906	2
25697	2977496	0
25697	3031477	0
25697	2828607	0
24255	3028603	2
24255	3111820	2
24255	2611855	2
24255	2762397	2
39511	2519802	0
39511	3117982	0
39511	2963239	2
39511	3099616	1
39511	3070299	2
39511	2519803	2
30941	2538202	1
30941	2806419	2
30941	2910085	2
30941	2926113	2
30941	2538203	0
34214	2950366	2
32569	2841603	0
32569	2784894	0
34526	2984649	0
34526	2975205	1
34526	2666826	0
34846	3049170	0
34846	2977308	2
34846	3001796	2
34846	3002103	2
34846	2556113	0
34846	2789366	2
21736	2928944	2
21736	2514712	2
21736	2886020	2
21736	2794841	0
21736	2905283	1
21736	3068313	2
29840	2771277	0
29840	2934039	1
25391	2682052	0
25391	3069689	2
28916	2671078	1
28916	2929572	0
28916	2963633	0
28916	2824189	0
28916	2928944	1
28916	2843468	0
24130	2827240	2
24130	2951060	1
21602	2970995	1
21602	2923866	1
21602	3088033	2
21602	2759521	2
27667	3013632	2
27667	2975420	0
27667	2611855	1
27667	2837921	0
27667	2853008	0
22208	2926113	2
22208	3077107	0
22208	2716157	0
22208	2930199	0
21113	3087416	0
21113	2996066	2
22639	2961711	0
22639	2519804	1
22639	2685071	1
22639	2621143	1
22639	2604578	2
22639	2514710	1
27847	3080718	1
27847	2666906	2
27847	2881545	1
27847	3066770	2
25543	3082180	0
25543	3013877	0
25543	3039793	2
25543	2760236	0
25543	2928768	0
25543	2844945	1
30897	2748758	0
30897	2939087	1
30897	2927292	1
34788	2828606	0
34788	2896771	0
34788	2527294	1
34788	2603783	0
34788	2758629	0
28560	2572609	0
28560	3107461	1
28560	3050400	2
28560	3027680	1
27239	2759974	0
27239	2850927	0
27239	2667265	2
27239	2787743	2
27239	2596857	1
37408	2881545	0
37408	3066105	0
37408	2784900	1
24144	3044374	2
24144	2913128	2
24144	2689132	1
24144	2789265	2
24144	2953060	2
37317	2934212	0
37317	2921774	0
37756	2880453	0
23155	2737015	2
35416	2572254	1
35416	2685074	1
35416	2995388	1
35416	3001079	0
35416	3104836	0
26443	2971919	1
26443	3026430	0
26443	2964841	0
24068	2883810	1
24068	2842952	0
24068	2882311	0
24068	2519077	2
24068	2772677	0
24068	2853683	0
30458	2784894	0
30458	2919808	1
30458	2929317	1
30458	2881385	2
21662	2511949	2
21662	2549947	1
21662	2964843	0
32845	2824370	2
32845	2896771	1
32845	3033601	2
32845	3107241	2
36868	2881544	1
36868	3043944	0
30502	3067164	1
30502	2853683	2
33494	2929499	0
31374	2838674	0
31374	2879589	1
31374	2996132	0
31374	2759874	2
35988	2758930	1
35988	3001079	2
24857	2697760	2
24857	3035087	2
24857	3079034	0
24857	2758930	1
24857	3033150	1
33747	2769288	2
33747	3043185	1
33747	2844947	1
33747	2670936	2
37280	2685073	1
37280	2906748	2
37329	2802576	1
37329	2938507	1
37329	2985536	2
22036	2935339	0
22036	2799711	0
22036	3074285	1
22036	2853688	0
21692	2839535	0
21692	2850928	1
21692	2790637	1
21692	2789264	1
34845	2828785	1
29648	2972263	0
29648	3062042	1
29648	2527294	1
21036	2877270	1
21036	3011006	1
36434	2538423	2
20212	2556113	0
20212	2954953	1
20212	2882312	2
20212	3034356	2
25889	2949949	2
25889	2660165	2
25889	2970541	2
21931	3015031	0
21931	3045203	0
34513	3110772	2
34513	2759495	0
34513	2756397	1
34513	2949924	2
30337	2824920	1
30337	2748274	0
30337	2882326	1
38725	3110413	1
38725	3021669	2
38725	2642473	0
38725	2972830	0
25361	2886085	0
25361	2798129	1
30131	2827857	0
23211	2759102	0
23211	3003107	1
23211	2762597	1
23211	2916825	1
35849	3019313	1
35849	3062041	2
35849	2688299	0
30482	2957114	0
30482	3041445	2
30482	2841786	1
30482	2762508	1
30482	2771651	1
29976	2988900	2
29976	2460304	1
29976	3053558	2
29976	2670936	2
29976	2975507	2
31571	2887017	2
31571	2824920	1
31571	2863448	2
31571	2850925	1
39039	3008520	0
39039	2984647	0
37672	2737018	2
37672	2937215	0
37672	2802578	1
37672	2771116	1
37672	2802577	1
26318	2754541	2
29760	2970690	1
29760	3022507	1
29155	2807609	1
29155	2844106	0
29155	2874406	1
29155	2796275	2
29155	2874729	2
28196	3096911	0
37906	2666988	2
37906	2953363	1
37906	3026426	2
37906	2798055	2
37906	3025597	2
22545	2888268	0
22545	2803950	0
22545	2658449	1
27709	2996132	0
27709	3107244	2
27709	2938782	1
27709	2724714	1
27709	3066570	0
27709	2505780	1
38337	2963633	1
38337	2979462	2
38337	2934206	2
38337	2843323	1
38337	2667541	2
38337	2977809	1
32245	2946087	1
36600	2866198	2
36600	2572209	0
36600	2794807	2
32614	2894061	1
32614	2806495	0
32614	2920043	0
32614	3042457	2
32614	2855918	2
32614	2799716	0
33349	3007537	1
25581	3088638	0
25581	2790638	2
25581	3028270	1
25581	2960143	2
23449	3104528	0
23449	2946767	1
23449	2824022	2
23449	2930456	1
23449	2803492	2
35837	2596926	1
35837	2921771	1
35837	2797546	1
35837	2954953	0
35837	2913303	2
37534	2911927	2
37534	3036423	1
37534	2913437	2
37534	2944456	0
37534	3118692	0
37534	3006269	2
24398	2547728	1
24398	3107572	2
24398	2999536	1
24398	2666826	2
33940	2547730	1
33940	3005855	0
33940	2953160	0
33940	2514715	2
33940	2919360	0
39487	2802576	0
39487	2949815	0
39487	2942094	1
39487	2623890	2
39487	2718554	0
39487	2944456	0
34202	3093609	1
30949	2997263	2
30949	2938507	0
30949	3009223	2
30949	2922902	1
28924	2955034	1
28924	3001622	2
28924	2759698	1
28924	2802580	1
28924	2572254	2
28924	3005856	1
22513	2933042	1
22513	2933063	1
22513	2771651	0
22513	2934038	0
22513	3027519	1
22513	2718554	1
39287	2527294	2
39287	2888273	0
39287	2600998	0
30415	2828548	0
30415	3034532	2
30415	3048271	0
30415	2922318	2
21932	2667109	0
21932	2682102	2
38679	2996062	1
38679	3105014	1
38679	2880538	2
38679	2827295	2
38679	3027969	1
22482	2519081	1
22482	2685740	2
22482	3001187	2
22482	2854893	2
22482	2547724	0
22482	2846685	2
36825	2998374	2
36825	2883811	0
36825	3118202	1
36825	2572608	1
36825	3066947	0
26759	2946766	2
26759	2502477	2
26759	2828369	2
26759	2855918	2
26759	2798118	1
20683	3044978	2
20683	2572209	2
20683	2502479	0
20683	2902452	0
20683	2809898	2
21358	3074362	1
21358	2904220	2
27484	2839145	1
27484	2963620	1
27484	3049168	1
27484	3011482	2
25659	3026900	0
25659	2918689	1
28794	2802578	2
28794	2838099	2
28794	2949923	2
28794	2923097	0
28794	2794841	2
28794	3047411	0
26534	3001187	0
26534	2964228	0
31237	3116290	0
31237	2854894	1
37406	2535189	1
37406	2866203	0
37406	2846683	1
37406	2716157	1
37406	2839024	1
37406	3071510	2
24421	2667538	2
24421	2688299	2
24421	2549945	2
24421	2881547	0
24421	2877270	1
38946	2519082	2
38946	2916825	1
38946	2911927	0
38946	2957480	1
33983	2761667	0
33983	3088033	0
33983	3019367	0
35559	2596010	1
38955	3090835	1
38955	2815136	2
38955	2803032	2
38955	3088914	0
38955	3074363	0
22021	2596977	1
22021	2964539	1
22021	2942241	0
22021	2494090	2
22021	2951433	2
22021	2667348	0
24222	2797548	0
24222	3066765	0
33830	3087752	2
33830	2894061	1
29441	2572609	0
29441	3051678	0
29441	2519082	1
29441	2813838	1
29441	2621143	0
29441	2842955	0
31705	2907114	1
31705	3026425	1
31705	2886020	1
31705	2802581	0
31705	2502473	1
29129	3090835	1
29129	2519078	0
29129	3117982	0
29129	3050913	0
29129	2883809	2
29129	3027680	0
32598	2824774	0
32598	3028168	0
32598	2838862	0
32598	2866203	2
27689	2877268	2
27689	2645493	1
27689	3049166	2
27689	2922320	0
37420	2596010	0
37420	3093709	1
27152	3024288	1
27152	2623892	0
27152	2942093	0
27152	3003040	0
27152	2869012	0
27152	3067328	0
28636	2839291	1
28636	2619698	1
20375	3023286	1
20375	2850376	1
20375	2979462	1
20375	2953950	1
20375	3074563	2
20375	2798078	2
35476	3034650	0
35476	2814994	0
35476	2902399	1
35476	2739636	1
35476	2825642	0
21171	2885922	1
21171	3049166	1
21171	2843320	2
21171	2527293	1
21171	2946940	2
20214	2843790	2
20214	2759774	1
20214	2963316	2
20214	2937987	1
20214	3098279	2
20214	3106936	0
23645	2511949	0
31246	2535188	1
31246	2760141	0
31246	2904301	0
31246	2843931	1
31246	2725005	1
31246	2930199	2
35211	3034532	0
23559	2623891	2
23559	2619736	2
23559	2538201	2
23559	3066935	1
23559	2996129	1
33177	2816341	1
36505	3074306	2
36505	3026424	1
36505	2971817	0
36505	2940046	0
36505	2827194	2
30120	2502477	1
30120	3110413	1
25552	2729516	2
23219	3000274	0
23219	2970889	0
23219	2731008	0
23219	2790638	1
23219	2925250	2
23219	3005855	2
24794	2817320	0
24794	2502477	2
24794	2873872	2
32401	2920061	1
22496	2951433	0
22496	2953952	2
29524	2916822	0
33107	2784900	2
38639	2769288	0
38639	3075994	0
38639	2803034	1
38639	2979462	0
30780	2866202	2
30780	2965899	1
30780	3034706	1
20334	2724715	0
20334	2682695	2
20334	2814993	0
20334	3064409	2
34402	2748274	0
34402	2619714	2
29520	3050400	0
29520	2910917	2
29520	2930219	1
32682	2896768	1
32682	2551915	0
32682	2850925	0
32682	3026424	1
32682	2901985	1
32682	2913659	1
35399	2621391	1
35399	2688867	1
29206	2797885	2
31883	2827860	0
31883	3059969	2
31883	2930218	1
31883	2549944	2
30562	2843794	0
30562	3107572	0
30562	2547726	0
38026	3004328	1
39723	2572608	0
39723	2549945	1
39723	2919319	2
34589	2787830	0
34589	2880456	1
34589	2964539	2
34589	2838674	1
39920	2724713	0
39920	2918690	0
39920	2971882	2
39920	3028207	0
39402	2547730	0
24889	2848057	2
24889	2866198	2
24889	2648437	0
36093	2998981	1
36093	2546684	1
36093	3028603	1
36093	3015702	2
23554	2949815	2
23554	2831545	0
23554	3050732	1
23554	2610477	1
23554	2905283	0
23554	3048897	0
37221	3079034	1
37221	3082226	1
37221	2922186	1
37221	2964843	2
37221	3104876	1
37748	2831548	0
37748	2885197	1
37748	3034876	1
37748	2505778	0
37748	2831338	1
39966	2930199	0
39966	2777308	2
34719	2505780	1
34719	3046388	2
34719	2787720	2
30375	2514715	0
30375	3043944	0
30375	2759425	0
30375	3091146	2
30375	2951183	1
30375	3093647	2
29535	2839174	2
29535	3000274	2
29535	3034536	1
29535	2952155	1
30911	3041445	0
30911	3037500	2
30911	2904488	0
30911	2934211	1
30911	2942240	1
23188	2754544	1
23188	2550913	1
30487	2975508	1
30487	2603780	2
30487	3120370	0
30487	2904995	0
30487	2666929	2
30487	2934206	2
21182	3003040	1
21182	2954953	1
21713	2762646	1
21713	3010466	2
21713	2844951	1
32122	2853007	1
32122	2874406	2
32122	3006037	0
32122	3036483	2
32122	2949304	2
30568	2787744	2
30568	2888984	2
30568	3028207	0
23818	3058778	1
23818	2938653	0
22470	2536277	2
22470	3034650	1
24746	2964523	0
24746	2827295	0
24746	2549947	0
20584	3066773	0
20584	3070449	0
27628	3103922	0
27628	2594090	1
27628	3009504	2
27628	3080717	2
36675	2815136	1
36675	2685074	2
34816	2547725	2
34816	2538202	2
34816	2827194	0
34107	3085107	0
34107	2519075	0
34107	3063722	2
30361	3099616	2
30361	2666421	2
30361	2600998	0
30361	2965579	0
30361	2718805	0
30361	2842956	1
27338	3066809	0
27338	2718806	0
27338	2551916	2
30494	2966454	0
30494	3068313	0
30494	3029068	1
30494	2603781	1
30494	2843792	0
30494	2562918	2
33411	2985536	2
33411	3104528	1
33411	2930344	0
33411	3031068	0
33411	2551916	2
39522	2597000	1
39522	3011482	0
39522	3104836	0
29034	3002145	0
29034	2809942	1
29034	2844948	0
29034	2934211	1
29034	2967372	2
38721	2682056	0
38721	3047411	0
38721	2655406	1
36983	2729511	2
36983	2773780	1
36983	2842405	1
36983	2798161	1
37932	2898897	0
37932	2748856	2
37932	3027680	1
37932	3093711	2
37932	2913303	0
37932	2595906	1
31806	2920181	1
31806	3090583	0
30564	2730897	1
38820	2804185	2
38820	2930379	1
23106	2538423	0
23106	2809898	2
23106	2898897	0
23106	2683342	0
23106	2956548	1
23106	2842956	0
33576	3027705	2
33576	3064786	1
33576	3043944	2
33576	3070289	0
33576	2903190	2
33576	2800012	1
34656	2759102	0
34656	2748440	0
34656	2595908	1
34656	2729513	0
34656	2781492	0
26173	3007537	1
26173	2572590	1
26173	2999536	2
26173	2933392	1
26173	2760141	1
27917	2729515	2
27917	2519804	1
27917	2977809	0
27917	3038115	1
27917	2956547	1
27917	2511949	2
30273	3080718	1
38852	3088914	0
38852	2771116	1
38852	3110499	1
38852	3090835	2
38852	2886091	2
24188	2596926	0
24188	2784900	0
24188	2960004	0
26095	2940057	0
26095	2815137	1
26095	2572246	0
26095	3091856	0
26095	2759425	1
39074	2956548	0
39074	3080718	2
39074	2799716	0
39074	2787720	2
39074	2866205	1
20236	2556108	2
20236	3019339	0
20236	2775386	1
20236	2838030	2
20236	2748856	1
20236	2645492	0
25414	3093584	0
25414	3048897	2
25414	2839326	1
25414	3000274	1
37156	3047411	2
37156	2787830	1
37156	2970746	1
37156	2790638	1
37156	2854892	1
37156	2874729	1
35845	2971817	2
35845	2800019	1
35845	3022504	2
35845	2899400	1
35845	3108040	2
39587	2991286	0
39587	3012830	1
39587	3031477	2
23176	2911927	1
23176	2608750	1
23176	2594090	1
28992	2910085	1
28992	3013632	2
28992	2963620	0
28992	2973153	1
28992	2787849	2
37832	3090583	2
37832	2511951	0
37832	2595463	1
37832	3090580	2
37832	2816040	0
25108	2927292	1
25108	3004973	1
25108	2964235	0
25108	2809942	2
25108	2666247	0
35935	2904983	1
35935	2957480	0
35935	3037605	1
35935	2854892	0
21274	2855918	2
30206	2667538	1
30206	3079034	0
30206	2806494	1
30206	2502476	2
30206	2964843	2
34748	2748856	1
34748	2845932	0
34748	2616612	0
34748	2984802	1
34748	2854891	1
34748	2942236	2
36075	2998981	2
36075	2606691	2
36075	2686260	0
36075	2950370	1
37121	2997263	0
37121	3002145	0
21149	3070298	2
21149	2845988	0
21149	3088914	1
21149	2759865	2
21149	2893804	0
21149	2843793	2
21639	3111820	0
21639	2984649	0
21639	2874708	0
21639	2775386	1
33501	2595907	0
33501	3050443	2
33501	2882327	2
33501	2949922	0
33501	2842952	0
22733	3070290	1
22733	2853008	2
22733	2865000	1
22733	3110772	2
22733	3093708	0
35050	2799927	1
35050	2842952	0
35050	2907114	0
35050	2827858	0
35050	2923095	2
21174	2798055	0
21174	2972829	1
21174	2975508	2
21174	2759606	1
32765	2773780	1
32765	2952833	0
32765	2877028	1
32765	2685075	1
38287	2970889	0
38287	2762600	1
38287	2974604	0
38287	2839024	1
37805	3080718	1
20996	3070290	0
20996	2946940	1
20996	2876770	1
31652	3080718	2
31652	2989550	1
31652	3042516	1
31652	2853662	1
31652	3062018	1
32764	2926474	1
32764	2985830	0
32764	2789265	2
32764	2769288	2
33680	2918688	0
33680	3027680	1
25427	3034978	0
25427	2935414	0
25427	2670936	2
25427	2975204	1
32582	2874638	2
32582	2547725	2
32582	2623891	2
27349	2807322	1
27349	3049173	0
27349	2667538	0
27349	2863448	2
23889	2838861	0
23889	2885949	2
23889	2888842	1
23889	3028168	2
23889	2953950	2
22321	3062035	2
33125	2756254	0
33125	3026900	2
33125	2848056	0
33125	2572638	0
33125	3033444	0
33125	2560955	0
29756	2794608	2
29756	3022508	0
29756	2754543	2
29756	2623894	0
29756	2813868	2
22015	2807687	0
22015	2919808	1
22015	3119391	2
22015	2560952	0
22015	2975423	2
22015	3103923	0
25703	2877582	1
25703	2989546	0
25703	3107244	2
25703	2989547	2
25703	2899908	0
24804	2748439	0
24804	2902324	1
24804	2547725	1
24804	2945639	1
29786	2862292	0
29786	3103197	2
29786	3027683	1
29786	2977343	2
26608	2943503	1
26608	3058949	1
26608	2850929	0
26608	2897472	1
30732	2759774	2
30732	2839198	2
27379	2682102	0
27379	3060756	0
34377	2844950	2
34377	2758758	0
34377	2760124	2
34377	2824188	2
34239	2759603	0
34239	2842956	1
34239	3065204	0
34239	2771533	1
34239	2942094	1
32979	2878761	1
32979	2903495	1
32979	3088033	2
32979	2759521	1
28546	2865714	1
28546	3087752	2
28546	2964235	2
28546	2667265	0
28546	2903191	2
28546	2505778	0
25745	3075145	2
25745	3070379	0
25745	2960348	0
25745	2813212	2
25745	2902452	0
38133	2882169	2
38133	2645491	2
38133	2511951	1
38133	2666459	0
38133	3013596	0
38133	2902206	2
30484	2806489	2
30484	2881272	2
26506	2970746	0
26399	2937403	0
27146	2950370	2
27146	3033150	0
27146	2976471	2
36955	3003040	0
36955	2844102	1
36955	2913670	2
33298	3031142	2
33298	2899908	1
33298	3074563	0
33298	3083100	1
33298	3009775	0
20854	2789365	2
20854	3027682	2
30610	3011482	1
30610	2799927	0
30610	2873872	2
30610	2511952	1
30610	2874105	0
34514	2746696	1
34514	2964842	1
20257	3034532	1
20257	2762359	1
20257	3031616	2
20257	2853689	0
20257	3016579	2
37224	2756378	0
37224	3099617	2
37224	2666826	2
37224	2934038	0
37224	3064787	0
36530	2964523	0
37586	2888271	0
37586	2843793	2
37586	2784898	0
37586	2930455	0
37586	2551917	2
39279	2874708	2
39279	2769450	1
39279	2960237	0
23231	2698507	2
20623	3034357	0
20623	3026041	2
20623	2809943	2
20623	2964113	2
20623	3047512	1
20228	2562914	2
36637	2660115	1
36637	2881275	2
36637	2804306	2
36637	3075657	0
36637	2874464	2
26931	2725004	1
26931	2894061	1
26931	3066773	0
26931	2737014	2
26931	2916797	0
26931	2682695	2
20734	2946050	0
20734	2838099	0
20734	2881562	2
20734	2746696	0
20734	2977496	1
26875	2839145	1
26875	3076849	0
37727	3076849	1
37727	2556109	1
37727	2777291	1
37727	2933292	2
37727	3024288	0
36947	3066935	0
29671	2551913	0
39773	2949253	1
39773	3041444	2
24245	3089493	1
24245	2809581	0
24245	2547724	1
24245	3107461	2
24245	2882311	1
24245	2922184	2
25016	2547727	1
25016	2906042	1
25016	2873872	2
25016	2643111	1
25016	2883811	0
25016	2848057	1
25308	2946147	0
25308	3107241	2
25308	2910915	0
31317	2968193	0
31317	2972096	1
31317	3015496	1
38417	3031143	1
38417	3038115	1
38417	3010895	0
38417	3034320	2
38417	3026425	0
38417	3009504	1
20748	2756254	1
20748	3052948	1
20748	2921771	1
20748	2874754	2
34499	2961641	2
34499	3060756	1
34499	2898707	0
34499	2946767	2
21647	2991400	0
21647	3066797	1
21647	2876933	0
34583	2930455	0
34583	3113244	0
34583	3043142	1
34583	3105384	1
34583	2940057	1
20238	3066570	0
20238	3052948	2
20238	2827858	0
20238	2970746	2
20238	2630221	2
20238	3034358	0
30810	3064053	2
27183	2839173	1
27183	3034532	2
27183	2514714	0
30214	2838674	2
30214	2975465	0
30214	2556113	0
30214	3047293	2
23975	3104836	0
23975	3088033	1
23975	2949949	2
23975	2893807	2
23975	2951329	2
22371	2817172	1
22371	2848280	2
22371	2730897	2
22371	2853690	1
22371	2771114	1
23898	3010265	0
23898	3006037	2
23898	2804340	2
34053	2841603	2
34053	2771116	1
34053	2594090	0
34053	2771117	0
32115	2952153	2
32115	2946087	2
38327	2991400	0
38327	2759774	1
38327	3058778	0
38327	2886105	0
38327	2964842	1
30153	2949304	2
30153	2748856	1
30153	2920216	0
30153	3087763	0
30153	2869012	0
30153	2960117	1
30274	3043942	0
30274	3040522	2
30274	3039793	0
30274	2886020	1
37925	2781361	2
37925	2623892	2
37925	3031142	0
37925	3039801	1
37925	2910918	2
28401	2815137	2
21041	3060803	2
21041	2519806	1
20344	3064786	1
20344	3116290	0
20344	2923097	1
30878	2963498	2
30878	2910920	2
30878	2615761	1
30878	2660165	2
30878	3012592	0
23096	3038798	0
23096	2864985	2
23096	3019339	0
31808	2882311	2
31808	2787720	2
31808	2572608	0
22407	2952833	0
22407	2803830	1
33346	2505781	2
29267	3093609	0
29267	3074295	1
29267	2989546	1
29267	2797549	1
29267	3022509	1
20393	2845992	1
20393	2949949	1
20393	2949280	2
20393	2802577	1
20393	2925250	0
32498	2918691	2
32498	2949924	0
20333	2942101	2
20333	2952831	2
20333	2854783	0
20333	2794841	2
20333	2960117	0
34970	2888308	0
34970	2460311	1
34970	2682349	0
34970	2995389	1
24332	2797545	0
24332	2961709	1
24332	2600999	2
27467	2502558	1
27467	2866204	2
27467	2913502	1
32527	2977809	0
32527	3058958	2
32527	2594085	1
30165	2922320	0
30165	3098103	0
30165	3094486	2
25043	3079377	2
25043	3117982	0
25043	3005238	0
24505	2918198	0
24505	2547724	0
24505	2880456	1
24505	2724715	2
24505	2960179	2
24505	3079828	1
27682	2889588	1
27682	3079128	2
27682	2951380	2
27682	2952270	0
27682	3027705	2
35400	2960004	0
35400	2837922	0
33133	2951060	2
33133	2839027	0
37130	2919808	1
37130	2853587	2
37130	2781618	0
37130	2975420	0
37130	2995793	1
37130	2874105	1
29790	3079828	0
29790	3047154	2
29790	2927292	0
34515	3104892	2
34515	2946147	1
34515	3047411	1
34515	2921773	1
34515	2880454	2
29526	2815004	2
29526	2954135	0
35288	3019290	2
35288	3071269	1
35288	2842406	0
35288	2813838	2
35288	3046388	2
29927	2948231	2
29927	3033605	2
29927	3066773	1
29927	2828607	2
32739	3064788	2
32739	2562915	2
32739	2603783	1
38301	2977006	0
38301	2881271	0
38301	2803831	1
38301	3084170	2
26321	3033065	0
26321	2828221	0
26321	2719071	0
26321	2880456	0
26321	2556110	0
26321	2996065	1
39212	2850930	1
21506	2881276	1
25729	2562918	2
25729	3095036	0
25729	2942237	2
25729	2842957	0
25729	2968193	2
24004	3052446	0
24004	3022505	0
27766	2535188	1
27766	2828201	0
27766	2885491	1
27766	3050761	2
27766	2998374	2
37634	3087763	1
37634	3083191	2
37634	3019339	1
37634	2877268	0
38749	2883810	1
23619	2762891	1
37276	2841025	0
37276	2881569	1
29014	2929891	0
29014	2771797	0
25682	2910916	0
25682	2729513	0
25682	3001079	2
25682	2970214	2
25682	2514712	1
38397	3105014	2
38397	3070292	1
38397	2888842	1
25734	3066102	0
25734	2910915	0
25734	2629904	1
25734	2759295	1
25734	2944456	2
28034	2813212	0
28034	2595464	1
28034	2681864	0
28034	3031068	0
25539	2880454	0
25539	2594085	0
30486	3018735	1
30486	3043185	1
30486	3090004	1
30486	3006167	0
30486	2777291	1
30486	2803831	0
29229	3050444	2
29229	2937987	2
29229	3040522	2
36800	2850925	1
36800	2975422	2
36800	2876933	2
29804	2930219	2
29804	2971805	1
29804	2838030	2
29804	2762358	0
38733	2888308	1
38733	3115943	0
38733	2977517	0
38733	2951192	2
38733	3029426	1
38733	3026041	1
20085	3053902	1
20085	2798129	0
20085	3043142	0
20085	2758930	1
20085	2929318	1
27772	2754542	0
27772	3026425	0
27772	2929318	0
37540	2953335	0
37540	2802576	1
37540	2844103	0
37540	2925758	2
37540	2903190	1
37540	2797883	2
29799	2688565	2
29799	2960081	0
29799	2864985	2
29799	2896770	0
29799	2913704	0
36614	2929499	0
36614	3052948	2
36614	3028207	2
36614	2827857	0
37856	2603781	1
37856	2596010	0
37856	2942093	1
37856	2800019	2
37856	2968193	2
34587	2971919	1
34587	2572638	1
23433	2971817	0
23433	2977649	2
21675	3026873	2
21675	2853690	1
21675	2729516	1
21675	2877270	1
39482	2879589	0
39482	3032331	2
24480	2952153	0
22109	2960400	1
22109	2642435	1
22109	3025597	2
22109	2903189	2
35486	2946112	0
35486	2604577	0
35486	2771280	2
24867	2674635	2
24867	3033169	0
27882	3048271	0
27882	3067470	1
39425	2825979	0
39425	2780991	1
30134	2815136	1
30134	2934747	0
33403	2928865	0
33403	2803492	0
33403	2645491	1
33403	2536495	1
33403	2946942	2
29609	3000962	2
29609	2760205	0
21235	2519076	1
21235	2978938	0
20638	3091855	0
20638	2697760	2
20638	2756378	0
39193	3032077	0
39193	3063722	2
39193	2975508	2
39193	2536277	1
39193	2976471	1
23189	2764830	1
23189	2773779	1
23189	2800000	1
23189	3008119	0
23189	2771280	1
23189	3088639	1
39233	2756252	1
39233	2775936	0
39233	2596967	2
39233	2952833	2
39233	2839173	2
39689	2556108	1
39689	3053908	1
39689	2873810	0
39689	2560954	1
39689	3079034	2
34208	2996187	0
34208	2660271	1
34208	2853686	1
34208	2965453	1
22405	2949280	1
22405	2933633	2
22405	3002143	1
32478	3012592	2
32478	2971919	0
32478	2903189	1
28056	2842407	1
28056	2556109	2
28056	2996136	2
25679	2781838	0
25679	3092966	0
36404	2970889	0
36404	2873313	2
36404	2963498	1
36404	3120604	1
30672	2939087	1
30672	2941029	0
21589	2975214	2
34841	2896947	2
35338	3047411	2
35338	3040523	0
31162	3111781	2
31162	3100201	2
30682	2843790	1
30682	3027972	0
30682	2642435	1
30682	2929572	2
30682	2971817	2
38748	2819102	1
38748	2807609	2
38748	2995870	1
38748	2848254	1
38748	2718808	1
33782	2787744	1
33782	3049170	2
33782	2832703	1
22686	2885944	2
22686	2682367	0
22686	2796275	0
22686	2946147	0
22686	2943669	2
22686	2562917	0
29316	2863448	1
29316	2909195	2
20140	2930199	2
20140	2934209	1
20140	3090566	2
20140	2914702	1
32848	2787720	0
32848	3107334	2
32848	3039750	2
32848	2803034	1
32848	3067328	1
20836	3064091	1
36786	2797548	0
36786	2698508	1
38151	3009504	2
33945	2815137	2
33945	2888272	2
33945	3033065	2
33945	2877197	2
21353	2572586	1
21353	2922903	0
21353	2943523	2
21353	2511952	2
32333	3066796	1
32333	2898898	2
32333	2824035	2
32333	2813917	0
32333	3088032	2
32333	2898711	1
24167	3052948	2
24167	2930271	1
24167	3034536	0
24978	2851579	0
24978	2930379	1
39639	2962782	2
39639	2881569	2
21191	3058778	2
21191	2651260	1
21191	3015030	1
39156	2844947	0
39156	2978938	0
39156	2737014	1
39156	3038115	1
39156	2651233	0
29844	2991285	2
29844	2781723	2
37275	2651185	0
37275	2505779	1
37275	3068313	0
37275	2806495	2
37275	2930455	1
37275	2878761	1
34016	3050399	0
34016	3090004	0
34016	2781838	1
34016	2934078	0
30252	2511952	2
30252	2994399	0
30252	2919965	2
30252	2848057	0
30252	3041445	0
30252	2549946	0
32513	2984647	0
32513	2985536	0
32513	2804231	2
32513	3015496	1
38041	2760124	2
38041	3030073	2
35852	2670936	0
35852	2841602	1
35852	2725005	0
35852	3025438	1
35852	3093711	1
35852	3031430	0
29069	2989550	1
29069	2839027	1
22346	2972263	2
22346	2618729	2
22346	3011482	2
22346	2719071	2
22346	2905004	2
26304	2977477	2
26304	2970896	0
26304	2985793	0
21787	2613166	0
21787	2777291	2
21787	2991400	1
21787	3053880	2
21787	2874794	0
21787	3107246	1
30824	2975202	0
30824	3075145	2
30824	2828369	2
30824	2660271	0
30824	2877582	0
30824	2800012	1
29543	2797549	1
29543	2866204	0
29543	2773281	0
29543	3030074	1
22924	2562919	2
22924	3037605	1
22924	2923866	1
28475	2682056	2
37427	2897474	1
37427	3038798	0
37427	3093645	0
37427	3034877	0
37427	3121360	1
37427	2667403	1
27189	3015032	0
27189	2842956	1
27189	2977648	1
33885	2927025	1
23308	2917637	1
31576	3019299	1
31576	2787714	2
31576	2824370	0
31576	2837920	0
31576	2898709	1
31576	2666421	0
29924	3063722	2
29924	2970541	2
39319	2942242	1
39319	2951433	0
39319	2874658	1
39319	2519082	1
39319	2759603	1
28419	2824188	2
28419	3058949	2
28419	3034532	0
32541	3089448	2
32541	2886767	1
32541	3020539	0
32541	2826947	0
21874	2595907	2
21874	3087845	2
26165	2977477	1
26165	2930218	0
26165	3074563	1
26165	2535191	0
24158	2975202	1
27431	3066103	1
27431	2940057	0
22335	2848254	2
33849	3019525	1
24748	2749086	1
24748	3002643	1
24748	2996133	0
24748	3034705	2
24748	2953965	1
28940	2944611	2
28940	3031477	2
28940	3005855	0
26750	2874658	0
26750	3048897	2
26750	2560954	0
26750	3053903	0
27652	3122068	0
27652	2557511	0
27652	2839361	2
27652	2660115	2
27652	2527293	1
27652	2975204	1
26937	2949364	0
26937	2606691	0
26221	2938328	0
26221	2963239	2
26221	3031068	2
26221	3083100	2
26221	2519807	1
26221	3000946	0
32130	3041445	2
32130	3115268	2
32130	2911927	2
26979	3120335	0
26979	2724712	1
26979	2866203	0
26979	3003107	2
35558	2935399	1
35558	2648436	1
27050	3088240	1
27050	2538492	2
27050	2536276	0
27050	3007479	2
27050	3025438	0
27050	2667233	0
27451	2460308	1
27451	2928870	1
27451	2769290	0
39530	2923095	0
39530	2939358	1
39530	3005238	0
39530	2962783	0
39530	2930217	2
27738	3050442	0
38395	3110772	1
38395	3000953	0
38395	3039801	0
31854	2877588	1
31854	2916797	2
36387	2645736	0
36387	2907114	1
37783	2903191	1
22465	2838022	0
37635	3015496	0
37635	2494090	0
26922	2514712	2
26922	2460305	2
26922	2519082	2
26922	3062709	1
39361	2535186	2
39361	3066570	2
39361	2790639	2
39361	2803831	2
39361	2685071	0
39361	2511953	0
28306	2946942	0
28306	3071196	1
28306	3048897	1
28306	2769450	1
36819	3006167	1
38732	2904220	0
38732	2874754	1
28435	2881545	1
28435	2952831	2
32865	2729514	1
32865	2596024	0
32865	2864985	0
32865	2986281	2
32865	2943669	1
24105	2996137	1
34238	2942235	1
34238	2781148	2
34238	2919319	0
23474	3064053	1
23474	3050732	2
23474	2989548	0
23474	2817278	0
23474	2970690	1
29200	3076091	1
28454	2925759	0
38416	2824774	0
38416	2843787	2
38416	2975203	2
25145	2887017	0
25145	2828607	2
25145	2844950	2
25145	3053909	0
25145	2971805	0
25145	3099617	0
38141	3002145	0
38141	3074363	2
29266	2616633	1
39366	2888308	0
39366	3074563	1
39366	2538203	0
39366	3107335	0
32514	2594085	1
32514	2645491	0
32514	2667109	2
32514	3066573	0
32514	3034831	0
32514	2769288	0
21896	2959782	2
21896	2621143	2
21896	2660115	1
21896	2682366	2
21615	3009947	0
21615	2965579	2
21615	2912410	0
29942	3021723	0
29942	2853842	1
29942	2827194	0
29942	2853684	1
29942	2937987	0
24955	2611855	0
39664	2930218	2
39664	2790637	1
39664	2888842	0
39664	3034359	2
39664	2977735	2
35297	3038798	0
35297	3049167	1
34270	2841602	1
34270	2719939	2
34270	3079034	2
34270	3066950	0
34270	2596010	1
22224	3002145	0
22224	2996134	1
39667	2807609	2
39667	2880454	1
39667	3076849	2
39667	2977638	2
24712	2798117	1
24712	2862293	1
25749	2862296	0
25749	2642473	1
25749	2660774	2
25749	2877588	0
20992	2794827	0
20992	2971943	1
20992	3012681	2
20992	2880538	0
20992	2903495	1
20992	3071196	1
30318	2798162	2
30318	2960367	1
30318	3070298	0
38125	2957225	0
38125	2724714	2
30515	2944611	2
30515	3050399	0
31702	2784896	0
31702	2951192	0
31702	3034877	0
31702	2970387	0
31702	3005855	0
28081	3074354	1
28081	2996066	0
28081	2911895	0
28081	2562915	2
28081	2605511	2
37963	3080717	1
37963	3031635	1
37963	2933063	2
37963	3027705	0
37963	2832798	1
25846	2724710	1
25846	2746861	0
25846	2951060	1
25846	2972830	2
25846	2831413	1
25846	2889093	1
37094	2843792	1
37094	2536277	0
37094	2804231	0
37094	3112576	0
37094	2630221	2
37875	3025095	1
37875	2995914	2
37875	2938653	0
37875	2859658	2
37875	3070297	2
37875	3041792	1
32168	2535192	2
32168	3029311	0
32168	2904220	0
32168	2850132	1
22806	2961641	1
22806	2957225	2
22806	3071269	1
22806	2949923	0
22806	3022509	0
22806	3001090	0
22655	2949949	0
22655	2902315	2
22655	2550074	2
22655	2514715	0
22655	2930455	0
22655	2977638	2
30429	2796275	0
30429	2808617	1
30429	2505781	1
30429	2839024	0
37927	2762358	2
37927	3009556	0
37927	2760124	2
38478	2778934	0
33122	2799910	1
35708	3106936	2
35708	3066087	0
35708	3029426	2
21231	2877270	0
21231	2798129	2
21231	2910919	1
26250	2799714	2
26250	3051655	2
31707	2925690	2
31707	3023305	0
31707	2872828	0
31707	3091857	2
31707	3009895	1
28036	3091856	0
28036	2961713	1
28036	2536278	0
37798	2535192	0
39067	3034199	1
39067	2824774	0
32847	3083192	2
32847	2942765	2
21049	2955034	2
21049	2538202	0
21049	2759540	0
21049	2954953	2
21049	2688299	2
36151	2896768	2
36151	3117277	2
36151	2985830	2
35710	3075994	1
35710	3098103	2
35710	2930208	2
35710	2881569	2
38890	2762892	1
38890	2963988	2
38890	2960306	0
38890	2943669	1
38890	3050443	0
24135	3121072	1
24135	2799717	1
39108	3067653	1
39108	2802579	0
35566	3006167	1
35566	2658449	1
35566	2975203	1
26760	2502558	1
26760	2769448	0
26760	2779572	1
26760	3070449	0
26760	3009347	2
30183	2850925	2
30183	3066797	0
21279	3033605	1
21279	2775386	0
21279	2877582	2
21279	2989547	2
21279	3060855	2
23053	2615769	2
23053	3026426	2
23053	2789365	0
28117	3103197	0
28117	2535186	1
28117	2724712	2
28117	2729513	2
28117	3074285	1
28117	3019516	1
26279	2844103	2
26279	2985793	1
26279	2882327	2
20508	2596010	1
20508	2806494	1
20508	2772677	1
20508	2965317	1
20508	2519077	2
20508	2826947	1
25580	2853587	1
25580	3019525	0
25580	2882169	1
25580	2989549	1
25580	3075145	1
35861	3010265	2
35861	2865000	1
35861	2879589	0
22910	2841628	0
22910	2964113	2
37903	3009895	0
37903	2866198	0
37903	2762597	1
37903	3019290	0
37903	2842407	0
28928	2848280	0
28928	2996135	0
28928	3029097	1
28928	3019516	1
28928	2874666	0
28928	2519806	1
37545	3070298	2
37545	2956547	2
37545	2943576	1
29744	3034536	0
29744	2928944	2
23423	2920216	1
23423	2562917	1
23423	2886767	1
23423	2989546	0
23423	2885944	0
23423	3058958	1
20983	2615759	1
22958	2960143	0
22958	3033605	1
22958	3084170	2
22958	3034532	2
22958	2989548	2
39618	2547728	0
39618	2595827	2
39618	2737016	0
39618	3110888	0
22327	2967262	1
22327	3053904	2
22327	2689074	1
22327	3023286	1
22327	3015034	1
29286	2843793	1
29286	3088085	2
29286	3006087	0
29286	2859719	2
29286	2977809	2
28055	2619629	1
28055	3074321	2
28055	2964522	1
28055	2618729	0
28055	2771115	1
28055	2651146	1
29370	2920061	1
29370	2926474	1
33690	3065780	2
33690	2535192	0
35163	3074279	2
35163	2824022	2
35163	2964539	2
35163	2909195	2
20435	3093610	0
20435	2630221	1
20435	2651233	2
20435	3070300	2
36523	3065780	2
36523	2619698	0
36523	2975422	2
36523	2874708	1
20480	2797883	2
38542	2685076	0
38542	2549948	0
38542	3118692	2
38542	2718554	1
38542	3062041	1
21327	2538202	1
27047	3013596	2
27047	2651260	0
27047	2907588	0
27047	2556112	1
27047	2922183	1
27047	2854892	1
22449	2913310	0
22449	2682052	1
25778	3022505	1
25778	2759156	0
25778	2929573	2
33202	2877270	0
33202	2688867	2
33202	2667541	0
33202	2562917	0
33202	2803830	1
33202	2824774	2
31112	2922183	2
28736	3071008	2
28736	2797882	0
23909	2930137	2
23909	2754542	2
23909	3064053	0
23909	3075493	0
23909	3096998	1
34766	2557512	2
34766	3090583	1
34766	2902206	2
34766	2538422	0
25831	2790637	0
25831	2961709	2
34095	2874167	2
34095	2964539	2
34095	2616612	0
33418	2807681	2
33418	2572246	2
33418	2826219	0
33418	2781709	0
33418	2882327	0
33418	2801521	0
28106	2951212	0
28106	2935235	1
28106	2977343	2
28106	2935399	2
36964	2972358	2
36964	2781699	0
36964	2970946	1
25153	3000274	2
25153	2536279	0
25153	2843323	0
25153	2824022	2
29964	2502477	1
29964	2771278	1
29964	3031809	1
29964	3074391	0
29964	2839292	1
34001	2817172	0
34001	3034360	0
34001	2929464	2
34001	2842405	0
34001	2667233	1
34001	2790639	0
23857	2787744	2
23857	3033444	1
38710	2957089	0
38710	2934039	1
38710	2535186	1
38710	2848280	2
31030	2826223	2
31030	2460311	1
31030	2957225	1
33512	2781837	2
33512	2919360	2
33512	3090566	0
33512	2859423	2
33512	3028602	1
29958	3034704	0
29958	2970746	2
29958	2685072	2
29295	2729516	1
29295	3039812	1
29295	3103922	0
29295	3080685	1
29295	2996064	2
29295	3062018	0
24912	2806676	2
27668	2648437	1
26961	2902315	0
26961	3052918	2
26961	2773780	0
26961	2894061	1
26961	2688867	2
26961	2881553	1
28137	2809943	0
28137	2903191	1
28137	2877197	0
28137	2963322	2
28137	2519079	2
26300	2971943	1
26300	2828548	0
26300	3031809	0
26300	2855811	2
26300	2771277	2
26300	2888268	0
35450	2790638	2
35450	3070292	2
35450	3107300	0
35450	2511950	2
21206	2674635	1
21206	2916824	1
21206	2886767	2
21206	2759974	1
21206	3019516	2
21206	3066573	1
32790	2547726	1
32790	3106936	2
32790	3003107	0
32790	3039793	1
32790	2787714	2
32790	2913371	1
25857	3034536	0
25857	2940046	2
25857	2848254	2
25857	2855086	1
25857	2850925	2
25857	3001711	2
31795	3006087	1
31795	2929573	1
39652	3065204	1
38665	2896769	1
38665	2729512	2
38665	2930456	1
38665	2648436	2
38665	3066949	2
38665	2859460	2
38693	2682283	0
38693	3000274	0
30331	2930448	2
22697	3066768	2
22697	2718526	0
22697	2943360	2
22697	2862292	0
29747	2550072	0
31233	2898707	0
31233	2925690	1
31233	2781723	1
31233	2952094	1
31233	2918690	0
21063	2601001	0
21063	2975421	0
21063	3064787	2
21063	3015030	1
21063	2827240	2
38573	3090580	2
38573	2535186	1
38573	3050442	1
28488	2963662	1
29287	2685072	0
29287	3104832	0
29287	2964531	2
38773	3015029	2
38773	3011756	1
38773	2970892	2
38773	2843794	1
38773	3028272	2
38773	2994399	2
27835	2905367	0
27835	2826947	0
23712	2806495	1
23712	2538424	2
23712	2809962	2
23712	2839174	2
32062	3066102	2
32062	2843787	2
21884	2737018	2
21884	2961713	1
21884	2756397	1
21884	3049170	1
34982	2832798	1
34982	3107246	0
34982	2948231	2
33852	2911895	1
33852	2831543	2
33852	2613166	2
33852	2806491	2
29243	3013632	2
31734	2959782	1
32825	2853690	1
35801	2883811	0
35801	2615761	2
35801	2843789	2
21158	3015496	2
21158	3074279	1
36575	2838030	1
36575	2718805	0
36575	3052948	0
36575	2874729	2
23763	3034532	0
26645	2505781	0
26645	3006269	1
26645	3001711	1
26645	2759865	2
31004	3015029	0
21234	2996066	1
21234	2769450	2
21234	3023055	0
21234	2946147	0
21234	2929473	0
21234	2930249	2
38660	3053909	0
38660	2773781	0
38660	2977496	1
38660	2643111	1
33358	3080494	2
34405	2846684	1
34405	3087416	1
34405	2748177	0
39609	3107572	1
32535	2843930	1
32535	2842959	0
32535	2600999	2
28899	2898708	2
28899	2773281	0
28899	3064787	1
35632	2760236	2
35632	2862295	0
24525	3026425	0
24525	2929891	0
24525	2975509	1
30039	2698819	1
30039	2874708	0
30039	2975203	2
30039	2771114	0
30039	2907588	1
30039	2725476	0
29081	2918689	1
29081	2972196	1
29081	3026423	0
29081	2972096	2
29081	3009775	1
22240	2615759	2
22240	3089493	1
31866	3066087	1
31866	2839326	1
31866	2535188	2
31866	2975421	2
31866	3107241	1
27390	3000274	2
27390	3049170	0
27390	2929572	0
32915	3028602	2
32915	2967262	1
32732	2842954	2
32732	2912410	2
32732	2845988	1
32732	2759974	2
32732	2902249	0
32732	2828201	0
37128	2977722	0
37128	3071008	2
37128	2995389	1
37128	2839027	2
37128	2737015	0
35333	2807322	0
35333	2817295	0
35333	2882270	1
38552	3000946	1
38552	3022509	1
38552	2831338	2
38552	3066949	1
38552	2780371	1
38552	2929315	0
26799	2839174	2
26799	3065780	1
26799	2514712	0
39223	2838674	1
34638	3049170	1
34638	3012536	0
27010	2837920	1
30283	3107300	2
30283	2813869	0
38771	2989993	1
38642	2798078	1
38642	2682367	0
31041	3075657	2
31041	3074295	1
31041	3091857	1
31724	2595827	0
31724	2511951	0
31724	2844104	1
31724	2866204	1
20044	2844950	2
32599	3027683	1
32599	2877629	0
32599	3023286	2
32599	2838098	2
32599	3050442	2
27881	3029078	0
27881	2963967	2
27881	3047293	0
27881	2771113	1
27881	2759250	0
34376	3075994	2
26537	2977103	2
37385	2816341	1
37385	2888273	1
37385	2883810	2
37385	2799711	2
30845	2803973	2
30845	2953446	2
36497	3121136	1
36497	2960400	0
36497	2809942	2
30065	2922183	1
30065	3070300	1
30065	2866202	2
22966	3041792	1
22966	2839144	1
22966	2816346	1
22983	2787664	2
39060	2861252	0
32313	3027683	1
32313	2888508	0
32313	2748440	0
37603	2759250	2
37603	2935339	1
37603	2942094	0
37603	2874406	1
37603	2854892	0
35374	3020539	2
35374	2502473	0
35374	2804185	0
35374	2769291	2
38200	2929318	2
25882	2505779	2
25882	2963157	1
25882	3070298	0
25201	2797884	0
25201	2853683	0
34911	2674635	1
34911	3029312	0
34911	2844946	1
34911	2771279	1
36267	2864985	0
36267	2919952	2
36267	2844948	0
36267	3074391	0
36267	3107335	1
31108	2962783	2
31108	2817172	1
27977	3121009	1
38842	2800000	1
38842	3062559	1
38842	3111617	0
38842	2667233	1
38842	2853690	0
38842	2882311	2
32235	2604578	0
32235	2787830	0
39325	2911927	0
39325	3074390	1
25178	2929572	2
25178	2919965	2
25178	2845989	0
25178	2718803	0
25178	2989993	1
21404	2813869	2
27289	2888984	0
27289	2843931	1
27289	2556112	0
29926	2790638	2
23709	3042516	0
23709	2963424	1
23709	3049170	1
37416	2771278	0
37416	2826952	1
37416	3096214	0
22401	3003963	1
22401	2935235	1
38436	2615769	2
38436	2827194	2
38436	2560955	0
38436	2789264	1
38436	2514714	1
38436	2957139	1
27608	2945069	0
27608	2905367	0
27608	2643115	2
27608	2964037	0
32163	2877197	2
32163	2866201	1
32163	2996134	1
32163	2920132	0
32163	2954864	2
32163	2572252	0
23435	3115268	0
23435	2963241	2
23435	2572591	0
23435	2505779	2
23435	3026041	0
21337	2977496	0
21337	3010163	0
21337	2970896	2
30886	3070300	0
30886	2789365	1
30886	2685075	2
30886	2781709	2
36467	3012536	1
36467	2851579	2
36467	2874708	1
36467	2762359	1
36467	2938653	0
36467	2971817	0
27071	2787720	0
27071	2843320	2
27071	2556108	0
39761	2724713	2
39761	2708859	1
30413	3074563	2
30413	2519806	1
30413	3063706	1
30413	2888272	1
30413	2919952	2
36101	3015496	1
36101	2781723	2
36101	3053558	1
36101	2996065	0
36101	2842954	0
24810	2769464	0
24810	2674635	1
24810	2953952	1
24810	2881272	0
24810	3121009	0
24810	2651146	1
35983	2962653	2
35983	3034359	1
30796	3011480	2
30796	2977649	1
30796	2661157	1
30796	2844106	0
30796	2866202	2
30796	3108497	0
31320	2996066	2
31320	2996187	0
31320	2780992	0
31320	2886063	1
25647	2902252	0
25647	2682056	0
25647	2595460	0
25647	2883811	0
25647	2798118	1
20571	2797549	1
20571	2963177	1
20571	3007537	1
20571	2877273	0
31768	2547726	2
31768	2874406	2
20386	3091146	0
20386	2549948	0
20386	2964531	0
20386	2967262	2
20386	2875818	2
33443	2903187	2
33443	3075493	1
33443	2996135	1
33443	2645494	1
33443	2885197	0
33178	2854895	1
33178	3096998	1
33178	3049167	1
33178	2977006	2
33178	2827155	1
21893	2807685	0
21893	2866203	1
21893	2556996	0
21893	2596010	0
33342	2888273	1
33342	2775936	0
33342	3030074	0
33342	2799974	2
33342	2845970	1
36114	2969220	2
36114	2850376	2
36114	3107017	2
20193	2839326	2
22604	2596939	2
25754	2685076	0
25754	2910920	1
28806	2772677	0
28806	2843468	1
28806	2889588	2
25117	2550913	2
25117	3026873	0
29908	2886683	0
29908	2937215	2
29908	2729510	1
29908	2850927	0
29908	2549944	1
24358	2560952	2
25476	3074363	1
25476	3039793	2
25476	2839024	2
25476	3067653	2
25476	2666906	1
32532	2930456	2
25493	2678395	1
25493	2780994	0
25493	2803831	2
25493	2913502	0
25493	2886208	2
23880	2848057	2
23880	2985837	0
23880	2595464	2
23880	2953060	1
23880	2986281	0
34647	2613166	0
34647	2943523	2
34647	2977809	0
34241	3049169	2
34241	3093708	2
34241	2850929	0
23123	2970889	1
23123	2841602	1
23123	3034356	0
25214	2913128	0
25214	3033604	1
25214	2560953	2
25214	2608750	2
22873	2991286	0
22873	2762566	1
30677	2866198	1
30677	2756397	2
30677	2922904	2
30677	3104832	1
29737	2802576	1
29737	2894061	1
28073	3034477	2
28073	2965761	0
28073	2841628	1
28073	2759295	0
28073	2536276	1
28073	3029426	0
34455	3034707	1
25579	2804185	0
25579	3029375	0
25579	2759816	2
25579	2643118	1
21124	3033150	1
21124	2756254	0
21124	2838674	2
21124	2930455	1
21124	3027516	2
21124	3066764	1
39111	2929316	0
27313	2648436	2
27313	2922320	1
27313	3075852	1
27313	2953446	0
27343	2843468	2
27343	2724710	1
27343	2718808	1
27343	2881276	2
27343	2888844	2
27343	3075852	1
33883	2790639	2
37075	2827295	1
37075	3111781	1
37075	2511949	0
37075	2963177	2
24208	3074391	0
24208	2550072	2
34858	2911793	0
34858	2616610	2
34858	2942099	2
20110	2748438	2
20110	2557512	2
20110	3026425	0
31579	2760236	2
31026	2873872	0
31026	2666507	1
31026	3076849	0
32126	2460307	1
32126	2895822	2
32126	2825301	0
32126	2846680	2
32126	2789365	1
20370	3104836	2
38441	2918687	2
38441	2882169	2
38441	2940046	1
38441	3075493	2
38441	3040508	1
39604	3088045	1
39604	3026427	0
39604	3095913	1
24173	2799711	0
24916	3031809	1
24916	2985792	0
32602	2917564	2
32602	2950366	1
32602	3066773	1
38812	3032052	1
27716	2933042	2
27716	3121009	1
27716	2882327	0
27716	2839173	2
27716	2827287	1
33397	2953320	2
33397	3088034	0
33397	2843793	1
25634	2855935	0
25634	2832703	0
32282	3074279	1
32282	2893807	2
32282	3034536	1
32282	3115268	0
32282	2825642	0
32282	2929315	1
36015	2690191	2
36015	2725004	0
38586	2536280	0
24406	2896771	2
24406	2754542	2
24406	2682695	2
27141	2960306	2
27141	2615769	0
27141	3062042	1
27141	2874666	1
27141	2718526	2
32090	2771278	0
32090	2929464	2
32090	2886085	1
32090	3084717	2
36479	2666826	0
21636	2865714	0
21636	2880456	1
21636	3053905	2
21636	2977638	0
21636	2934083	1
39237	3066796	1
36277	2759540	0
36277	2789366	1
36277	2862295	2
36277	2777291	0
31970	3063682	2
31970	2519082	1
31970	2902315	1
39327	2919952	1
39327	2903191	0
39598	2950366	1
35085	3082226	0
35085	2759521	0
35085	2535186	0
35085	3035734	0
32724	3063706	2
32724	3075852	2
26141	2511953	2
22291	2964843	1
22291	2888268	2
22291	2556112	1
22291	2965317	1
22291	3018785	0
22291	3091855	0
21544	2929318	0
30287	3000962	2
30287	2780993	2
30287	2874754	0
30287	3031477	2
30287	2934083	0
33705	2895822	2
25989	2519803	2
25989	3035544	2
25989	2825301	1
27417	2902452	0
27417	2781709	1
27417	2667303	0
27417	2910920	0
27417	3051655	1
27417	2921772	2
22693	3065204	1
20347	3064786	2
20347	3080494	1
20347	3020539	0
20347	3111617	1
20347	2619667	2
35244	3015030	0
35244	2759603	2
35244	2886063	1
32458	2933063	1
27605	2972263	2
27605	2880538	1
27605	3048857	2
26955	3066104	0
26955	2838098	2
34924	2862292	1
34924	2963157	1
34924	3049169	1
34924	2666555	0
28626	2953846	0
28626	3015029	1
28626	3070300	2
28626	2972829	0
28626	2916842	0
30804	2960561	2
28890	3032078	2
38742	2841025	2
32886	3042516	0
32886	2549948	2
32886	3051655	2
32886	2886085	1
32886	3022504	2
32886	2957225	0
38165	2971546	0
20820	2843322	0
38797	2953160	2
38797	2975202	0
38797	2920132	2
38797	2685074	0
38797	2934037	1
38797	2603781	2
22077	2996065	2
22077	2666521	0
22077	3010163	0
22077	3066571	1
22077	2874105	1
28342	2897706	0
28342	2881545	1
28342	2645492	1
28342	2777309	0
28342	3044374	0
37900	3104832	0
37900	2547727	0
37900	2923095	0
31049	3070296	1
31049	2994722	1
34905	2935414	2
34905	2906748	2
34905	2946087	2
34905	2853685	1
29986	2832798	1
29986	2949949	2
29986	2816341	2
29986	3026423	0
29986	2999445	2
29986	3039793	2
27962	3080718	0
27962	2933725	0
27962	2762567	2
27962	2748856	0
30625	3039793	2
30625	2838861	2
26184	2535190	2
26184	3019313	0
26184	2918690	0
38407	2729511	0
38407	2678394	1
38407	2957089	1
38407	3002643	1
38407	3088032	1
25918	2683677	2
25918	2781361	0
27913	2948231	2
27913	2877197	0
27913	2963177	0
32800	3090835	1
32800	2519080	0
32800	2759250	0
36207	3090004	1
39171	2917637	0
39171	2963620	2
39171	2913670	1
22239	3050732	2
22239	2831413	1
22239	2841603	1
22239	2718807	2
22239	2671078	1
31481	2928768	1
31481	2725005	1
28768	3098103	2
28768	3074279	0
28768	2756252	0
28768	2596977	0
28768	2823926	1
38238	2942236	0
38238	2965317	0
38238	2902249	1
38238	2519082	1
38238	3015032	0
38238	2965453	2
31558	2880538	0
31558	2843931	1
31558	2685073	0
31558	2843026	1
31558	2718805	1
21514	3027518	1
21514	2519802	1
21514	2881276	1
21514	2865714	1
39926	2556996	1
20139	2850376	0
36203	2799711	1
36203	2758930	0
36203	2946940	1
36203	3029069	1
36203	2748438	1
36203	3034705	1
39892	2886683	0
39892	3031672	2
34853	3062035	0
34853	3035734	2
34853	2519078	2
34853	2984647	1
34853	2813590	0
34853	2949949	0
37527	2893807	1
37527	2971805	0
37527	2655407	1
37527	2798117	1
37527	2991286	0
37527	2935414	1
22023	2886767	0
22023	2949949	2
22023	3090835	0
22023	2771115	1
36873	3091855	2
36873	2827860	1
36873	2850925	0
36873	2684158	1
36873	3067328	1
30340	3066102	1
30340	2845970	1
27221	3052918	2
27221	2928944	2
27221	2549944	0
24444	2759698	1
32492	3002103	2
32492	2600998	1
32492	2913371	1
32492	2762358	2
32492	3034876	0
22124	2546684	0
22124	2799713	0
22124	3009947	1
22124	2505780	1
22124	2556109	2
22124	2970164	0
33475	2771280	0
33475	2686260	2
33475	2977649	0
33475	2873872	0
22388	3015031	0
22388	3074354	1
22388	3053880	1
22388	3008520	1
38668	2572609	0
38668	2775386	2
38668	3066572	0
38668	3000964	0
38668	2549944	1
38668	2928870	2
33738	3115268	2
33738	2873872	0
33738	2841603	0
33738	2964531	2
33738	3115957	2
33738	3120370	1
21583	3010265	1
21583	3033439	1
21583	2984648	1
21583	3085107	0
37314	3071269	1
37314	2957480	1
23375	2651189	2
23375	3070291	0
23375	2797547	2
23375	3033602	0
23375	2985536	2
27825	2667540	0
27825	3027971	0
27355	2975214	1
27355	2863448	1
27355	2799717	1
27355	2771117	1
27355	2725004	1
27355	2841603	0
36214	2996062	1
36214	3049173	2
29503	2984647	2
29503	3029097	2
34953	2853686	0
29946	2888271	0
29946	2996134	1
29946	2828606	0
29946	2975205	2
29946	2845970	1
29946	2873315	0
31454	2934208	1
31454	2846685	2
31454	3084717	0
31454	3068313	2
31454	2749085	0
31357	3020541	2
31357	2655406	1
31357	2901798	0
31357	3047154	2
31357	2547729	1
25919	2975509	2
25919	2572586	1
25919	2810072	2
25919	3050399	2
25919	2795262	1
29032	2514712	0
29032	3022509	2
29032	2629906	1
29032	3029311	2
29032	3089468	2
29032	2546684	1
32896	2880454	2
32896	2853988	2
32896	3007479	2
32896	3066105	2
32896	3012592	1
30577	2921770	2
30577	3053905	2
30577	3036423	0
30577	2975205	2
39569	3034477	2
31880	2556112	2
31880	2877268	0
31880	2684159	1
31880	2923866	0
30931	2878761	1
30931	2960117	1
30931	3005238	1
30931	2547730	2
30931	2972830	2
30931	2994722	2
