2964513	149077
2845958	373317
2799718	8283
2854896	312723
2905005	383125
2615767	379319
2619740	42229
2619740	349692
2975425	5345
2903192	382798
2916796	18509
3000968	284451
2737019	142994
2645495	5406
2942244	8183
2802582	358183
2996068	202710
2975207	8420
2718809	257341
2773783	5224
2560957	289751
2844108	11768
2942243	8037
2844514	5193
2980630	9954
3022510	132350
2780996	285794
2769293	30885
2930457	277906
2984650	9512
2984650	14372
2888803	9536
2888803	106855
2888931	9544
2888931	100928
2842959	8070
2724709	5356
2946768	7208
2874666	6518
2874666	6606
3033439	335547
3011485	414990
2666967	2125
2666967	2132
2779525	4087
2779525	4089
3040212	421577
3111830	15906
3111830	21020
3111830	311260
3111830	373636
2803950	4034
2803950	9141
2839361	9320
2839361	347912
2942102	8214
2718526	21129
2869014	6599
2869014	6617
2845970	373317
2651233	5467
2759816	2090
2759816	2096
2967577	204
2967577	91820
2967577	404460
2826223	9597
2826223	13101
2839326	10014
2839326	11330
2996138	18482
2771117	6887
2682059	5475
2831548	5289
2831548	186312
2799974	4064
2799974	4066
2943576	303766
2943576	372008
2789366	9281
2789366	9318
2685076	33681
2718808	257341
2784900	11603
2773782	5224
2810072	4021
2810072	4091
2807687	6498
2807687	6548
3019290	2236
3019290	419960
2794827	4056
2794827	4059
2759910	2094
2759910	2099
3033444	420844
3034650	388778
2605511	5958
2975426	5345
2922903	388157
2953307	550
2953307	1099
2777310	7829
2815007	5454
2888984	9549
2888984	14391
2666929	2122
2666929	2123
2572586	30885
2682335	5156
2880472	32255
2769448	9357
2769448	9358
2535192	5194
2535192	354179
2519083	5154
2759603	2091
2759603	2095
2760131	2100
2760131	2108
2759285	2092
2759285	2104
2929464	5963
2929318	16655
2615758	379319
2688565	8079
2922879	388148
2963498	1996
2963498	4502
2963498	139270
2952958	2620
2952958	93781
2998374	355128
2921774	6895
3066951	6878
3064789	149685
2686260	259673
2797550	57178
2975206	8420
2926444	268398
3111781	388723
2519807	8079
2519807	8097
2538427	56699
2538427	350926
2953846	6737
2758758	277108
2758758	292244
2562919	106457
2562919	347435
2850376	891
2850376	322857
2926474	388798
2824022	4065
2824022	4071
2754464	5194
2873810	6568
2873810	6586
2619714	42229
2556113	18509
2556113	318866
2916797	18509
2853691	5908
2853691	87699
2853691	127144
2960117	1632
2960117	305063
2655408	16651
2655408	27594
2799910	4007
2799910	4008
2758930	2110
2758930	2115
2759495	2093
2759495	2102
2803831	4040
2803831	4043
2837923	5434
2854895	312723
3098103	13534
2758631	5194
2799717	8283
3107461	276910
2645496	5406
3008520	13809
3103197	421590
2886158	104
2886158	699
2886158	712
2886158	995
2886158	1048
2886158	17968
2886158	24198
2910920	125898
2910920	406028
2903191	382798
2904005	10596
2904005	33329
2640510	7927
3074354	8569
3074354	15963
3074354	21038
3074354	43061
3074354	276701
3096911	438988
3034707	421096
2881544	318822
3034978	5309
3000962	284451
3088045	16575
3088045	18554
3088045	20263
3088045	21012
3088045	35226
3088045	78815
3088045	307869
2547730	5443
2547730	341001
2758596	11097
2560958	289751
2797885	5443
2596939	97669
2596939	350922
2826189	9633
2826189	12240
2843935	11748
3022509	132350
2839535	9333
2839535	256156
2623894	5476
2825301	9628
2825301	9648
3029101	388693
2913303	1355
2771281	274906
2803034	34017
2802581	358183
2844951	8210
2934214	389638
2888308	16604
2964499	149077
2960144	11327
2960144	46570
2996067	202710
2730869	9719
2799928	9219
2799928	9278
2949439	5356
2904488	7988
2904488	14541
2930456	277906
2556997	250356
2556997	318865
2538204	8407
2538204	323149
2759521	2105
2759521	2113
3070294	18216
3093645	438681
3075674	326338
2862296	19008
2888273	115022
2550074	12616
2550074	326370
3120335	420854
2975215	16522
2960348	297180
2960348	304621
2850930	11106
2572247	5193
2846685	257151
2975509	309940
2920061	284175
3033605	327687
3033605	420049
2895698	29298
3104836	441233
2926114	388737
2536280	5245
2536280	331823
2957114	618
2957114	151377
2779626	4019
2779626	4020
2779626	419890
3089448	34518
3089448	307859
3089448	307861
3089448	436941
2991806	1394
2991806	9463
2991806	22143
2842958	8070
2804129	4011
2804129	4042
3012830	34195
2963241	35278
2930271	10320
2930271	447624
2815137	4013
2815137	4075
2927025	388910
2813262	4054
2813262	4063
2940046	9697
2940046	99944
2817295	4093
2817295	4094
2972335	309858
2972335	356214
3015034	7008
2843794	5194
2595908	142994
2595908	331821
2874167	6412
2874167	6436
3065204	78815
3065204	312943
3065204	421182
3043185	391572
2953205	17630
2953205	399093
3026041	1208
2502477	137753
2502477	416931
2918344	13578
2918344	291109
3107241	442627
3107241	442895
3099682	387078
3004561	366658
3004561	412147
3025485	307943
3026433	321040
3026433	327688
3026433	380485
3014519	43851
3014519	160737
3014519	161551
3014519	360455
2667374	2139
2667374	2147
2964161	27162
2964161	402646
2930388	7257
2930388	16362
2930388	300757
2930388	385909
3074303	144633
3074303	311248
3031068	79917
3107335	388048
3079406	39746
2998981	106959
2667541	5756
3058958	331389
2942101	8214
2996137	18482
3066782	8214
2853690	5908
2853690	87699
2853690	127144
2927292	126739
2648438	18479
2648438	22758
2991287	12789
2991287	266185
2991287	304746
2547728	5443
2844950	8210
2797884	5443
2460308	7076
2930455	277906
2807322	8185
3002145	19423
3066780	8214
2874638	6379
2874638	6416
2842957	8070
2801489	226151
2801489	413832
2886063	485
2886063	6769
2886063	16831
2826890	389
2826890	4945
2724710	5356
2621391	1345
2621391	13710
2621391	27069
2881385	292239
2881385	383132
2902399	17501
2902399	383502
2824371	9636
2824371	12886
2625235	310731
2685075	33681
2771533	310758
2989155	8994
2989155	78712
2937274	7829
2762892	18509
3000964	284451
2848255	6463
2848255	6513
2848255	86033
3118692	285008
3118692	441324
2996136	18482
2773781	5224
3009214	27133
2816346	4067
2816346	4069
2816346	419775
2619644	42229
2619644	349692
2769292	30885
2771115	6887
2596967	97669
2596967	350922
2809942	4044
2809942	4046
2960237	4215
2960237	11362
2960237	23867
2960237	24500
2960237	29725
2960237	79165
2960237	233848
2824189	9654
2824189	12166
2844106	11768
2910919	125898
2910919	406028
2828768	6401
2828768	6631
2718806	257341
2828369	6764
2651260	5467
2866198	5154
2866198	259333
2970540	1895
2970540	11215
2798093	9301
2798093	9323
2991286	12789
2991286	266185
2991286	304746
2843468	6764
2666889	2121
2666889	2141
3037500	283243
3037500	303481
2666555	2118
2666555	2134
2760124	2101
2760124	2108
3032078	398136
2797549	57178
2784899	11603
2804185	4018
2804185	4061
2799716	8283
2729516	5908
2729516	21132
3048897	1328
2799836	4002
2799836	4003
2960367	302
2960367	266729
2960367	303729
2886208	412
2886208	4882
2886208	252323
3060009	20460
3063313	1590
2645494	5406
2682124	5475
2977474	2270
2977474	13793
2839174	6504
2839174	9130
2942100	8214
2737018	142994
2839027	13016
2839027	291197
2924397	19030
2924397	315453
2888846	9524
2888846	9546
2907588	7257
2907588	385909
2886085	14541
2886085	302346
3034360	6987
3028272	313660
2661157	4551
2661157	22165
2538426	56699
2538426	350926
2975205	8420
3074279	431329
3070296	255757
3088085	71374
2562918	106457
2562918	347435
2519806	8079
2519806	9436
2606691	7771
2606691	275009
2606691	312638
2606691	317356
2572638	30885
2682359	5156
2682359	313934
3009876	13809
2881278	5194
2688299	2551
2688299	420063
2615759	379319
2666586	2127
2666586	2129
2877645	918
2877645	19600
2965317	8135
2882270	8240
2975424	5345
2535191	5194
2535191	354179
2880471	32255
3087763	383125
2514715	5958
3063340	2281
2519082	5154
2969220	8290
2666826	2130
2666826	2146
2954928	4275
2954928	19218
2748856	151115
2961713	10172
3038114	421419
3027972	7753
2962444	81543
2949194	62090
2877629	1119
2877629	1164
2877629	18379
2953950	6737
2814993	5454
2939087	5226
2922904	388157
2908170	5293
2708859	6034
2708859	15939
2549948	5475
2921773	6895
3070379	15759
3064788	149685
2683342	25387
2919343	8076
2853661	13345
2853661	310279
2777309	7829
2951143	1109
2951143	289069
2759725	2088
2759725	2097
3066950	6878
2801521	10596
2801521	12845
2802580	358183
2799530	313893
2881553	318822
2874464	6476
2874464	6556
2771280	274906
2996066	202710
2922186	288983
3029313	18705
2623892	5476
2826941	1983
2826941	2484
2828548	9619
2828548	9629
2853689	5908
2853689	87699
2853689	127144
2913659	4281
2913659	15810
2655407	16651
2655407	27594
2934212	389638
2918691	14578
2902187	501
2925759	388696
3096998	388694
2817172	8060
3066105	21020
3027683	388800
2868442	2527
2848266	4073
2848266	6624
2953363	550
2953363	1099
2547729	5443
2547729	341001
2916842	18509
2874754	767
2874754	13006
2826952	920
2826952	16447
2754544	5908
2754544	18466
2754544	86255
2758630	5194
2827860	23627
2756254	5194
2842407	263742
2794608	314359
2837922	5434
2949924	5370
2949924	18634
2994722	23311
2994722	318531
3034536	421049
2885197	6546
2885197	7454
2556111	18509
2556111	318866
3075852	16570
2964270	16288
2964270	20498
2827194	1002
2827194	20684
2854894	312723
2806489	5345
2930219	997
2930219	10361
2667348	2120
2667348	2137
3034888	5309
3005238	24080
3005238	115918
3005238	315182
3074391	20905
2964844	297675
2964534	149077
2903190	382798
2975214	5473
2995914	6139
2995914	120407
3104528	587
2991400	1013
2604577	5103
2604577	15747
2604577	272851
3062790	14853
2759050	2105
2759050	2116
2902452	4887
2902452	20468
2902452	63269
2845966	373317
2843934	11748
3022508	132350
3039750	421096
3075994	37103
3075994	311620
3075994	311841
3075994	313903
3075994	434221
3075994	436954
3074364	38167
3018735	37338
3018735	290377
2989550	408245
2828607	4068
2828607	4070
3111820	18554
3111820	24296
3111820	34517
3111820	108506
3111820	120331
3111820	307859
3111820	307866
3064409	115839
2920181	9073
2920181	34864
2920181	175466
2977649	306264
2756252	8098
2756252	8136
2756252	24306
2756252	57696
2756252	75724
2756252	260244
2756252	301790
2756252	310652
2756252	397502
2602068	2571
2560956	289751
3026125	765
2797883	5443
2844949	8210
2831547	5289
2831547	186312
2963662	16291
2963662	164373
2963662	168786
2963662	296898
2963662	411925
2666507	2133
2666507	2136
2873315	6481
2873315	7457
2572246	5193
3032498	33171
3032498	247799
2846684	257151
2684159	12660
2975508	309940
3031255	24695
2595464	8232
3093647	438682
2511953	8560
2511953	312957
2556996	250356
2556996	318865
2964000	406
2964000	12917
2964000	33673
2964113	191
2964113	1695
2538203	8407
2538203	323149
3025597	95326
2930454	277906
2850929	11106
2896947	7248
2771651	371040
2934747	18105
2933749	1254
2933749	85920
3121136	379292
2678395	9792
2678395	9844
2667273	2128
2667273	2144
2862295	19008
3049173	424399
2888272	115022
3021669	5434
3066778	8214
2550073	12616
2858415	318
2858415	22167
3070292	18216
2913371	361
2913371	16119
2913371	236807
2838489	13002
2838489	63135
2950860	26654
2950860	277593
2843793	5194
2920077	1041
2920077	14696
2920077	388372
3029426	388758
2773281	17772
2773281	23609
2877494	542
2929891	1632
3110369	15429
2933392	15028
2933392	133103
2933392	363034
2595907	142994
2595907	331821
2914702	320
2914702	612
2914702	284410
2914702	311826
3044978	1490
2895515	29298
3028605	388742
3088914	276697
2828201	12560
3013656	1394
3013656	9463
3013656	22143
2885922	1305
2885922	259704
2920216	12420
2920216	264002
2920216	369560
2824037	6492
2824037	6618
2963239	21262
2963239	87766
3099617	440892
3010466	130969
3010466	266899
3015031	7008
2965761	602
3053909	303249
2816351	4038
2816351	4048
2827295	1913
2970892	375017
2970892	406780
2460311	7076
3026431	270237
2977638	233
2954953	311025
2842956	8070
2913670	22242
2913670	160147
2800000	4053
2800000	4055
2813868	4076
2813868	6527
3107300	414121
3085107	341218
3104832	441232
2536279	5245
2536279	331823
2924272	1234
2924272	15141
2502476	137753
2502476	416931
2897992	764
3038115	421419
2919965	17585
2939861	2738
3032077	420701
2971805	4177
2971805	15815
2994244	5368
3016579	279315
3016579	431169
3093623	438668
3075145	2744
3051746	19513
2937987	390671
3089493	34517
3089493	75712
3089493	307999
3010405	30239
3015702	18417
3107244	442624
3107244	442625
3112969	18164
2974604	4255
3112583	444222
3007479	28821
3007479	94562
3026430	321043
3026430	327689
3026430	352050
3009556	43851
3009556	160737
3009556	161551
3009556	360455
3032331	54405
3032331	412147
3113244	442949
3050400	7561
3074306	8569
3074306	24296
3074306	43061
3074306	311257
3074306	420112
3121360	28173
3026902	339090
2759102	2107
2759102	2117
3026429	353136
2938594	144654
2938594	306341
3107334	388045
3071196	428658
2781362	6535
2781362	6625
2962783	402551
3108040	11885
3058778	191007
3058778	426516
3077107	191007
3087845	20263
3087845	32428
3087845	35226
3087845	307860
3087845	307862
3087845	310992
3087845	420112
2667540	5756
2942099	8214
2519081	5154
3028012	126739
2898900	5356
3110458	442948
2997263	303492
3071008	12789
3071008	266185
3071008	304746
2949923	5370
2949923	18634
3020541	9519
3020541	9529
2966454	9521
2966454	106860
2882312	5685
2882312	345828
2984649	9512
2984649	14417
2962587	9154
2962587	9538
3005857	9531
3005857	9542
2928944	284175
2949280	138
2842955	8070
2879589	292239
2843026	11041
2781838	9791
2781838	9852
3074563	13481
3074563	440330
2953335	4302
2953335	62090
2724716	5356
2613166	1345
2613166	13710
2613166	27069
2947998	1625
2947998	99528
3008564	409613
2898712	8167
3027519	388551
2882311	5685
2882311	345828
3002643	1665
3002643	16174
3002643	187271
2863448	9814
2863448	9841
2977472	2270
2977472	13793
2838674	9314
2838674	10014
3009947	259012
3013877	16738
3013877	272851
2977584	1328
2977584	34757
2946767	7208
3010265	60158
3010265	276914
2848057	9209
2848057	12978
2992140	1895
2996135	18482
2923866	6847
2804232	6533
2804232	6534
2960306	204
2960306	91820
2838022	6764
2885491	13016
2885491	13050
2667301	2123
2667301	2129
2798079	9219
2798079	9323
2759874	2096
2759874	2099
2666459	2118
2666459	2131
2844105	11768
2991285	12789
2991285	266185
2991285	304746
3069689	427934
2865714	81
2865714	10022
2865714	256852
2798117	9335
2798117	256156
2813838	16620
2803973	6490
2803973	6587
2942098	8214
2943503	372008
2781148	2135
2781148	2139
2781148	13794
2923097	388227
3028634	111297
3028634	308232
2719939	10589
2719939	21129
2929317	5226
2880538	8198
2729515	5908
2729515	21132
2809925	9800
2809925	9801
2866204	5154
2781584	9324
2781584	16491
2917564	1995
2963322	16291
2963322	164373
2963322	168786
2963322	296898
2759598	2091
2759598	2102
2976471	10001
2976471	16891
2976471	102080
2976471	135954
2976471	267574
2666988	2132
2666988	2141
2952831	1759
2952831	2620
2952831	93781
3062042	427298
3062042	427775
2853008	6764
2841786	2010
2841786	259806
2809962	9309
2809962	9322
2939358	5473
2813590	72959
2813590	75411
2813590	270758
2985837	2387
2985837	247603
2957139	253
2781493	13077
2781493	255023
2787720	9318
2787720	9336
2725476	9802
2725476	11483
2787830	9282
2787830	9338
3028271	313660
3034359	6987
2876770	8002
2876770	9212
3039785	421563
3090566	438437
3088035	21131
2971943	302
2971943	303729
2921772	6895
3064787	149685
2913128	4281
2913128	15810
2549947	5475
2759250	2092
2759250	2094
2759774	2090
2759774	2101
3029312	18705
2975204	8420
2922902	388151
2671078	300257
2601001	13345
2601001	310279
2888844	9524
2888844	9546
2877582	918
2877582	19600
3093610	438666
2952155	5308
2881277	5194
2896771	5673
2716157	17772
2716157	23609
3021723	108083
2615760	379319
3060803	2281
3060803	16272
2917476	5293
2930199	4869
2930199	305292
3066949	6878
2970896	28104
3118202	9526
3118202	107001
2913310	1355
2816040	5368
3029079	14046
2519080	5154
3027971	7753
3031143	11754
3070300	255757
2618729	7783
2977308	14830
2977308	176529
2977308	259963
2877591	1119
2877591	1164
2877591	18379
2951314	1109
2951314	289069
2551917	268745
2698508	9806
2698508	9820
2629972	16651
2629972	27594
2828221	12560
2880454	32255
2748758	7987
2748758	18459
2748758	93738
2748758	102348
2748758	115583
2748758	286994
2748758	314359
2756338	5252
2844948	8210
2843933	11748
2942242	8183
2904259	16028
2904259	207897
2943360	1186
2943360	339444
2943360	402675
2899400	63795
2899400	362342
2988900	8948
2988900	33374
3074363	38167
3029375	24695
3049099	4201
3038535	8954
3022507	132350
2718807	257341
2682367	5156
2961711	10172
2560955	289751
2644709	1878
3115268	2231
2799927	9278
2799927	9366
2777308	7829
2960179	550
2960179	1099
2970995	16192
2970995	306399
2973153	58
2973153	388995
2832703	114
2886091	485
2886091	6769
2960004	10884
2960004	294586
3006176	587
3006176	2534
2977648	375017
2977648	406780
2831546	5289
2831546	186312
2889588	7988
2889588	14541
2930552	5212
2930552	56958
2651146	5467
3019299	2236
2758629	5194
2643111	5929
2643111	6822
2643111	8805
2643111	39976
2643111	75722
2643111	75882
2643111	78403
2643111	241588
2685074	33681
2827859	23627
2881569	318822
2841563	561
2841563	582
2841563	9063
2841563	419404
2946147	270766
2946147	272851
2922185	288983
2922185	405172
2942241	8037
2967578	34934
2967578	35278
3087752	329160
3087752	409420
2803032	34017
2685740	313494
3076096	434288
3076096	434289
2519805	8079
2519805	9369
2619698	42229
2619698	349692
2773780	5224
2797881	5443
2841025	920
2841025	16447
2682102	5475
2621143	1073
2780994	285794
2905004	383125
2853688	5908
2853688	87699
2853688	127144
2953060	243
2538425	56699
2538425	350926
2562917	106457
2562917	347435
2762891	18509
2902252	4887
2902252	20468
2902252	63269
2996065	202710
3027518	388552
2769291	30885
2556112	18509
2556112	318866
3008119	19783
3008119	23365
2995389	304149
2903189	382798
2934211	389638
2918690	14578
2872132	121380
3088639	8113
3053904	306596
3027682	388800
3066104	21020
3023286	8941
3047154	258313
3084170	10117
2916827	18509
2910918	125898
2910918	406028
2919496	9537
2919496	106849
3006167	272851
3006167	419982
2768297	265
2814994	5454
2748249	1921
2759397	2093
2759397	2098
2535189	5194
2535189	354179
2881113	5233
2842406	263742
2557512	5461
2514714	5958
3074322	35226
3074322	267552
3074322	308381
3074322	388799
3034535	421049
2989549	408245
3034706	421096
2877268	339316
2875818	2527
2875818	23985
2956548	17202
3093586	438655
2964539	149077
3031430	18747
3066797	146549
2799715	8283
2797548	57178
2754543	5908
2754543	18466
2754543	86255
3009223	1401
2885944	104
2885944	699
2885944	712
2885944	995
2885944	1048
2547727	5443
2547727	341001
2806495	5345
2901985	501
2901985	75671
2837921	5434
2859658	600
2859658	812
2859658	1365
2859658	2324
2859658	8848
2859658	8924
2859658	18373
2963620	292476
2963620	424817
2629905	2571
2930218	10361
2930218	26636
2876722	542
2975423	5345
2854893	312723
2784898	11603
3117982	5930
2928870	10320
2928870	389620
2928870	418320
2933634	1273
2933634	14980
2623893	5476
2748177	280
2720276	33749
2853988	9954
2771279	274906
2802579	358183
2897474	38356
2845992	373317
2572608	30885
2572608	402280
3012681	298375
3035087	421154
3066570	8305
3034320	79271
2964843	297675
2645493	5406
2737017	142994
2771116	6887
2851812	5241
3000946	284451
2869012	1720
2869012	58526
2971817	1013
2971817	13565
2954135	311025
2941029	2738
2941029	28780
2967330	33171
2611855	7771
2611855	275009
2611855	312638
2886580	15005
2938507	21629
2937403	7829
2597000	97669
2597000	350922
2839145	12986
2839145	57209
2855936	13033
2855936	13035
3067048	100450
3067048	263638
2616612	9783
2616612	9804
2934039	24810
3079034	6897
2933063	6059
2933063	17692
2933063	143124
2787744	9303
2787744	9340
2964037	406
2964037	12917
2964037	75697
2859719	318
2642435	11929
3053948	218149
3049170	424399
3082226	309940
2595463	8232
2913704	1041
2913704	14696
2913704	388372
2759540	2103
2759540	2113
2843323	7804
2843323	11656
2642472	27549
2865000	268437
2865000	283706
2556995	250356
2556995	318865
2874753	1394
2874753	13006
2838861	13482
2838861	13483
2689132	15806
2850928	11106
3068313	66677
3053908	303249
3060756	458
3060756	86511
2877028	361
2877028	16119
2877028	236807
2850132	891
2850132	322857
2572254	5193
2550072	12616
2956681	11739
2904933	16522
2972358	39
2460307	7076
2842954	8070
2967372	27565
2930379	4127
2962733	504
3006037	413473
3026427	327683
3070291	18216
3043142	69021
3105384	32872
3105384	397028
3060855	366
3060855	338083
2886368	1305
2886368	259704
3003040	6020
2953446	5024
2953446	321659
2960561	1139
2960561	1192
2960561	14686
3120604	56726
2986308	106663
2944611	650
2944611	1902
2944611	192101
2536278	5245
2536278	331823
2859423	101752
2859423	305452
2859423	418330
2984802	23311
2984802	303213
2946112	697
2946112	14240
2903495	1237
2903495	2530
2912410	39055
2913437	11846
2674635	423
2670936	25524
2942765	5171
2942765	5364
2944456	660
3015032	7008
3050444	13996
3050444	115583
2843792	5194
3064053	343029
3080718	292609
2595906	142994
2595906	331821
3009775	13809
2919360	5217
3067470	105222
2511952	8560
2511952	312957
2953160	1332
2953160	238250
2648437	18479
2648437	22758
3028604	388742
3034478	421028
3047293	424402
3042457	151173
3042457	156320
3042457	339426
2934083	5966
2604578	5103
2604578	15747
2963157	1996
2963157	4502
2963157	139270
2951296	27162
2951296	442488
2930226	134
2730897	9719
2730897	350849
2930137	4274
2930137	266435
2977735	8758
2977735	270325
2955034	16288
2955034	20498
2538202	8407
2538202	323149
2929499	5210
2930201	1254
2930201	85920
2748440	263742
2972830	4177
2972830	15815
2972830	405038
3015496	416757
3099616	440892
3074632	427628
3032926	419377
3046388	8612
2957089	1632
2911927	13578
3051678	694
3051678	6775
2977809	111894
2826708	1002
2826708	126112
2756378	11097
3122068	30032
2974747	5414
2848959	95
2848959	22721
3013596	2235
2678394	9792
2678394	9844
2906042	4139
2906042	16373
2950366	22935
2950366	277004
2950366	295804
2610477	717
2888271	115022
2977517	39202
2977517	406781
3025095	307541
3035734	380572
3088240	13565
2505781	6774
2505781	313670
2719072	7052
3084717	364380
3084717	436429
2935399	12919
3036770	283243
3036770	303481
3036770	422831
2940057	9697
3067465	79728
3002644	370
3002644	1040
2985793	4485
2985793	19402
2874105	6467
2874105	6517
3063722	17397
3063722	308159
3063722	308167
3063722	308381
3063722	312943
3063722	427171
3009347	1516
3009347	14665
2771230	6917
2771230	6971
2771230	34303
2594085	310130
3028270	313660
2846683	257151
3066801	4255
2502479	137753
2502479	416931
2862294	19008
2952273	270258
2976021	61349
3028207	11754
3088034	21131
3070299	255757
3029311	18705
3034358	6987
3052446	79629
2861252	308232
2861252	376015
2972263	48401
2972263	110620
2972263	290912
3065780	256016
3083100	59474
3019516	6689
3019516	437298
2951060	26654
3051518	11951
3090580	426556
2951433	602
2919808	17585
3010164	297420
3020168	310774
3033065	127909
3033604	420872
3067164	412147
3090583	421579
3034199	15864
3034199	87303
3043025	89400
3062018	427630
3095913	97933
3095913	298430
2970164	15069
2970164	56835
2970164	301627
2768588	149
3096214	18164
3096214	19055
3037605	14853
2886020	16220
2886020	29298
2950370	43851
2950370	160737
2950370	161551
2950370	360455
2909308	764
2909308	19472
3051655	12552
3002087	395407
2896770	5673
3090835	22676
2977006	28812
3023305	388305
3044692	110835
3048271	11885
2970928	188088
2970928	284265
2995793	11185
2971546	107309
2971546	405864
2904302	7257
2904302	16362
2904302	300757
3121072	448111
3076036	434244
3117277	32872
2935414	14773
2795262	2054
2902324	12391
2902324	21950
2902324	47824
2902324	98486
2902324	103167
2902324	333738
3074321	35226
3074321	267552
3074321	308381
3074321	388799
3029078	14046
3001622	395383
2970946	21262
2970946	87766
3011006	228129
2964228	7737
2964228	17640
2964228	419653
3049169	424399
3093711	388907
3064091	284228
2929573	8254
2918689	14578
2933042	60547
2933042	310478
3027681	388800
3025438	77837
3025438	131246
3025438	131355
2960400	16156
3034534	421049
3001796	387872
3026426	41916
3026426	327696
2977103	296964
2977103	306264
2957225	7550
2957225	296875
3067328	298613
3082394	270615
3068262	337
3066087	22625
3066087	26171
3044204	24123
2978938	51153
2978938	56832
3053907	303249
2938653	25009
2938653	244606
3100201	28566
3115943	79848
2989993	314
2989993	28040
2989993	334263
2965579	403552
2968193	1564
3040508	313954
3040508	313995
3040508	359484
3040508	421591
3028603	388742
3111617	2304
3067653	49932
3059969	26337
3059969	438355
2667538	5756
3082180	435523
3087849	20263
3087849	32428
3087849	267552
3087849	307859
3087849	307860
3087849	307861
3087849	307863
3087849	307866
3017598	418209
3062035	427198
2724713	5356
3104892	271657
3083193	15419
2898711	8167
2996134	18482
2866205	5154
2881276	5194
2838099	19423
2519079	5154
2987263	11801
2729514	5908
2729514	21132
2725005	310758
3115957	18321
2925250	388553
2698819	15747
2698819	406485
2754541	5908
2754541	18466
2754541	86255
2809775	4024
2809775	4028
2817335	4089
2817335	9127
2804306	4000
2804306	4004
2853687	5908
2853687	87699
2853687	127144
2683677	2633
2683677	16259
3019525	418019
3019525	419970
2775936	4016
2775936	4023
3066773	8214
2942097	8214
2815096	4033
2815096	4064
2809993	4039
2809993	6468
2603781	79826
2807685	4026
2807685	6548
3116290	268745
2519804	8079
2519804	8097
2787664	6764
2929316	5226
2957492	94520
3093709	427934
2874658	6371
2874658	6374
2824188	9600
2824188	9654
3052918	425746
2946766	7208
2825642	11720
2825642	61646
2999536	388116
2826219	9597
2826219	12041
2666906	2121
2666906	2146
2823652	61670
2823652	61672
2921770	6895
3000274	5941
3000274	310038
2802578	358183
2906748	5461
2873872	6501
2873872	6564
2898899	5356
2651189	5467
2773779	5224
2737016	142994
2551916	268745
2984648	9512
2984648	14417
2596912	97669
2596912	350922
2797882	5443
2845988	373317
2844947	8210
2843932	11748
2964531	149077
2880453	32255
2881545	318822
3022506	132350
2942239	8037
2824920	5581
2824920	11716
2824920	12025
2824920	57500
2824920	253316
2619667	42229
2645491	5406
2949949	6878
2560954	289751
2888508	16604
2771114	6887
2804340	4007
2804340	4049
2781699	4019
2781699	4022
2937401	7829
2942240	8183
2629970	16651
2685073	33681
2762566	5194
2975203	8420
2893804	7829
2716102	40447
2716102	58459
2780993	285794
2682283	5156
2556109	18509
2996064	202710
2831544	5289
2831544	186312
2922184	288983
2922184	405172
2549945	5475
2718805	257341
2803492	4027
2803492	6498
2769290	30885
2682118	5475
2813869	4075
2813869	6527
2844104	11768
2995387	304149
2572591	30885
3011482	414990
2562915	106457
2883811	18509
2910917	125898
2910917	406028
2903188	382798
2535188	5194
2535188	354179
2615769	379319
2724712	5356
2800012	4045
2800012	4059
2538423	56699
2538423	350926
2799828	4006
2799828	4040
2810028	4041
2810028	4051
3034705	421096
3035727	406672
2975422	5345
2956547	17202
2514713	5958
2854892	312723
3108497	442614
3108497	442615
2797547	57178
2799714	8283
2916825	18509
2784897	11603
2904983	383125
2756702	14205
2547726	5443
2547726	341001
2881275	5194
3000953	284451
2725004	310758
2853792	9954
2817320	4091
2817320	4093
3005856	9531
3005856	9542
2623891	5476
2934209	389638
2806491	5345
2595461	8232
2828785	6356
2828785	6556
2828785	13117
2888270	115022
3107018	292709
2729513	5908
2729513	21132
2825979	9625
2825979	9628
2809961	9301
2809961	9322
2838030	6764
2536277	5245
2572252	5193
2666581	2130
2666581	2134
3040521	8579
2828678	13019
2828678	13024
2843791	5194
2749139	5297
2749139	127083
2511950	8560
2511950	312957
2934037	24810
2546685	12616
2843322	7804
2843322	11656
2996133	18482
2527293	268745
3091857	270259
2874795	9537
2874795	106849
2666421	2136
2666421	2137
2596010	142994
2505779	6774
2505779	313670
2837920	5434
2538201	8407
2538201	323149
2519078	5154
2838098	19423
2989548	408245
2911793	6547
2911793	7454
2866203	5154
2866203	259333
2629904	2571
2759698	2088
2759698	2100
2666247	2122
2666247	2128
2862293	19008
3027970	7753
3066770	8214
3011609	10224
2846682	257151
2748439	263742
2850927	11106
2964842	297675
3028168	350527
2697760	11041
2771797	6917
2771797	6971
2771797	34303
2502558	137753
2502558	416931
2952272	270258
2794807	4005
2794807	4062
2790638	5908
2790638	18466
2790638	86255
3053880	388781
2882327	5685
2882327	345828
2817278	4017
2817278	4021
2874406	6448
2874406	6485
2823926	4030
2823926	4034
3066572	8305
2882326	5685
2882326	345828
3093708	427934
2804298	4003
2804298	4042
2601000	13345
2601000	310279
3121009	4038
3121009	4044
2853686	5908
2853686	87699
2853686	127144
2595827	12826
2595827	68838
2595827	95871
2595827	379759
2667265	2120
2667265	2144
2808617	4095
2808617	4096
2808617	419891
2934081	5966
2991283	12789
2991283	266185
2991283	304746
3050399	7561
2919342	8076
2898709	8167
3034877	421118
2888843	9524
2888843	9546
2749086	11346
2881274	5194
2874729	10706
2874729	13012
2926113	388736
2762600	5194
2815004	5454
3041445	421181
3066809	5374
3074390	15963
3074390	20905
3074390	21010
3074390	307863
3074390	308174
2816400	4085
2816400	4087
2873313	6481
2873313	9123
2724714	5356
3063706	427149
3015029	7008
3011608	10224
2920043	284175
2933920	2258
2933920	19742
2771278	274906
2762359	5194
2929315	5226
3116292	268745
3120370	303249
2898898	5356
2842953	8070
2848254	6463
2848254	6624
2848254	86033
3050761	5866
3050761	302563
3031672	420603
2460305	7076
3031253	24695
2929572	8254
2902249	17501
2902249	383502
2902249	384434
2603783	79826
2843790	5194
2819102	4020
2819102	4052
2819102	419890
2809898	4025
2809898	4029
2779572	4014
2779572	4015
2995870	11981
2995870	425781
2827155	920
2827155	16447
3029097	388690
2946942	8305
3036483	421257
2601665	9816
3031635	16507
3031635	278826
2859460	332
2800019	4008
2800019	4009
3044374	424210
2826947	389
2826947	4945
2739636	10714
2923095	351426
3062041	411896
3062041	427296
3031142	11754
2839292	9282
2839292	9338
2838509	9802
2838509	11483
2838509	258941
2839507	6397
2839507	6528
2977496	253
2977496	71567
2866199	5154
2935235	4127
2519077	5154
2807681	268745
2831413	12560
2913502	1041
2913502	388372
2729512	5908
2729512	21132
3043944	17397
3043944	44938
3043944	281802
3043944	307866
3043944	308167
3043944	312943
3043944	370900
3043944	423747
3043944	445034
3076849	144149
3076849	326268
3063682	427612
2769450	9357
2769450	9358
2838673	9314
2838673	9339
3009504	1665
3009504	16174
3009504	187271
3066768	8214
2798118	9335
2798118	256156
3118571	84046
2977471	2270
2977471	13793
2848280	4035
2848280	4074
2904621	2010
2904621	259806
3026425	353135
2804231	6533
2804231	6544
2995388	304149
2902206	501
2902206	75671
3106936	5685
3106936	345828
2949304	1103
2949304	21641
2949304	411750
2963424	2387
2963424	247603
2848056	9208
2848056	9209
2896769	5673
2939843	2738
2939843	28780
3027517	388551
2855811	6388
2855811	6392
2648792	75411
2648792	270758
2918688	14578
2970889	1895
2970889	11215
2977722	1147
2977722	20426
3053903	306596
3024288	17754
3024288	386631
3034388	420993
2781837	9791
2781837	9852
2946765	7208
2911895	764
2759295	2104
2759295	2116
2824035	4068
2824035	6492
2839255	9300
2839255	11330
2996132	18482
3035208	8198
2911801	6461
2911801	6642
2942096	8214
2667233	2125
2667233	2127
2781492	13077
2781492	255023
2698507	9806
2698507	9820
2804033	9786
2804033	9827
2787714	9336
2787714	256059
2864985	9833
2864985	9849
3028269	313660
2963633	840
2963633	1233
2963633	18695
2775955	9286
2775955	16076
3034356	6987
2905283	1995
2841603	151544
3006087	14830
2660774	6034
2660774	15939
3091146	8928
3091146	385928
3075657	388548
2877588	1119
2877588	1164
2877588	18379
3029069	14046
3006269	18350
3006269	55581
2963177	7725
2963177	24716
2963177	57618
2921771	6895
3000273	5941
3000273	310038
3064786	149685
3049168	424399
2855918	268745
2855918	289920
2875295	2527
2551915	268745
2930448	5293
2615761	379319
2962566	10684
2962566	10856
2962566	15038
2962566	283666
3013632	2281
3013632	428073
2897794	1696
2897794	2479
2897794	4869
2897794	57628
2897794	112871
2930342	1106
2951329	1109
2951329	289069
2954967	4275
2954967	19218
3088033	21131
2928865	10320
2928865	447624
2888507	16604
2949253	4302
2949253	62090
2600999	13345
2600999	310279
2798078	9219
2798078	9323
3110413	6878
3079828	14858
3079828	435516
2716101	40447
2716101	58459
2975202	8420
2689074	7783
3070298	255757
2764268	280
2971919	302
2971919	303729
2877270	918
2877270	19600
2885949	485
2885949	6769
2827287	10596
2827287	12845
2832798	95
2832798	1884
2832798	22721
3027969	7753
2960081	550
2960081	1099
2930344	1254
2930344	85920
2952153	5308
2781709	4086
2781709	4094
2999445	9291
2999445	9368
2762397	8672
2514712	5958
2895251	307541
2929473	8353
2961709	10172
2933633	1273
2933633	14980
2975421	5345
2965453	108303
2989547	408245
3034533	421049
3002143	6662
2718554	5436
2718554	9211
2828606	4070
2828606	6618
2854891	312723
2853987	9954
2845991	373317
3093584	438655
3047512	304711
2797546	57178
2799713	8283
2639786	1073
3094486	5861
3094486	269007
3079128	5930
2952094	15508
2547725	5443
3075493	266566
3075493	316843
2916824	18509
2977477	28104
2977477	280790
2960143	1533
2645492	5406
3031616	12998
2682052	5475
3047411	373587
2937402	7829
2784896	11603
2790639	5908
2790639	18466
2877273	765
2951212	243
2951212	37290
2781361	6558
2781361	6625
2917637	5217
2953965	5898
2667403	2135
2667403	2139
2667403	304538
2816384	4012
2816384	6511
2764830	343705
2887017	101818
2944348	14101
2881273	5194
2897706	380384
2897706	380388
2802577	358183
3001079	15068
2943523	5974
2964841	297675
3029374	24695
3034703	421096
2762598	5194
2630221	16651
2630221	27594
2684158	16570
2682366	5156
3076091	434288
3076091	434289
3074362	38167
3113646	444157
2769289	30885
2737015	142994
3074285	431363
2773778	5224
2787743	9303
2787743	9340
2798055	9278
2798055	9366
2877246	7851
2877246	15324
2877246	20817
2549946	5475
2872828	6381
2872828	6568
2777307	7829
2902315	4887
2902315	20468
2902315	63269
2909195	114
3050913	375017
2876844	542
2660115	1616
2807609	5241
2965899	1886
2965899	28179
3009895	13809
2831545	5289
2831545	186312
2831545	336215
3071510	177131
2843931	11748
2899908	380615
2748585	266580
2845932	93740
2845932	217645
2845932	251248
2643115	5929
2562916	106457
2562916	347435
2925758	388696
2844946	8210
2977343	1328
2977343	34757
2902237	2530
2902237	307455
2902237	419673
2942238	8183
2596857	5198
2642802	16087
2642802	272851
2985536	8948
2985536	33374
3002103	412137
3022505	132350
2560953	289751
2629906	2571
2619736	42229
2619736	349692
2827858	23627
2838545	6503
2838545	6590
2933725	1545
2933725	22110
2885957	104
2885957	712
2952833	1759
2952833	2620
2952833	93781
2919319	16522
2824373	9645
2824373	12358
2797880	5443
2948231	13015
2948231	13018
2859659	812
2859659	1365
2859659	11892
2859659	101364
2859659	115067
2859659	130684
2859659	268489
2623890	5476
2596977	97669
2886683	716
2538424	56699
2889093	14541
2889093	302346
2889093	337705
2963316	16291
2963316	164373
2963316	168786
2963316	296898
2963316	404468
2963316	411925
2759967	2093
2759967	2106
2963114	292476
2935339	7098
2685072	33681
2837919	5434
2878761	5233
2606612	8079
2748274	313301
2839198	9317
2839198	9333
2688867	9158
2964522	149077
2572609	30885
2572609	402280
2942237	8037
2934208	389638
2922183	288983
2880456	32255
3112576	444208
3112576	444209
3007537	19783
3036423	22564
3027516	388552
3066103	21020
3045203	333501
3066571	8305
2718804	257341
2535190	5194
2970214	188088
2970214	316587
2556110	18509
2556110	318866
2756397	11097
2996063	202710
3000954	284451
2780992	285794
2519803	5949
2519803	8079
2771112	6887
2949815	5212
2949815	5469
2772677	272851
2772677	351516
3010895	30239
3010895	47168
2971882	347
3079377	7755
3079377	8507
3079377	24884
2954864	311025
2759156	2114
2759156	2117
2660271	6745
2746696	56
2746696	8640
2746696	13951
2746696	18278
2746696	18488
2746696	31664
2746696	81511
2746696	87095
2762646	8511
2816765	1401
2881547	318822
2949922	5370
2949922	18634
2778934	271663
3066796	146549
3062559	143259
3062559	316523
3027680	388800
3050732	9949
3050732	100584
2557511	5461
2903187	382798
3018785	419601
3035544	8475
3103923	442012
2806494	5345
2930217	10361
2842405	263742
2910916	125898
2536495	5177
2536495	18478
2536495	18584
2536495	58633
2536495	93912
2536495	102449
2536495	303237
2904995	383125
2853685	5908
2853685	87699
2853685	127144
2761667	4551
2761667	22165
2943669	8002
2943669	392024
2945069	5181
2949496	7950
2883810	18509
3019339	18747
3019339	313810
3019339	373587
2651154	5467
2844103	11768
2949364	16288
2949364	17469
2949364	20498
2841628	265
2841628	98513
2946050	697
2946050	14240
2848895	2441
2780371	4214
2780371	86123
2781583	9324
2781583	16491
2964216	4215
2964216	11362
2964216	23867
2964216	24500
2964216	29725
2964216	79165
2964216	233848
3011756	115884
3011756	264794
2798162	13033
2798162	13034
2839144	12986
2839144	57209
2789265	12987
2789265	12988
2760176	9218
2760176	38380
2616610	9783
2616610	9804
2934038	24810
3012592	600
2756446	8474
2850926	11106
2854783	10994
2854783	374960
3030074	5184
3053906	303249
2894062	11041
2975507	309940
2972096	109024
2972096	124930
2813834	16620
2494090	12616
2494090	326370
2642473	270258
2658449	1192
2838862	13482
2838862	13483
2595462	8232
2951183	1632
2951183	305063
2527294	268745
2938782	9697
2938782	99944
2967280	406
2967280	12917
2760141	2105
2760141	2108
2572209	5193
2843321	7804
2843321	11656
2964235	297180
2964235	304621
3091856	270259
2996187	10684
2996187	283666
2956679	11739
2781723	4088
2781723	4090
2877197	361
2877197	16119
2877197	236807
2759441	2095
2759441	2097
2608750	1345
2934078	5966
2985792	4485
3070289	18216
2902239	1687
2902239	28108
2719071	7052
3058949	338652
2978076	406965
3090004	437446
3066935	310774
2505780	6774
2505780	313670
3039812	421564
2901798	8059
2994399	620
2994399	23311
2994399	303213
2950179	1332
3042516	2235
3038798	421492
3038798	423587
3074444	31204
3074444	94454
3040522	8579
3019313	21629
2987312	14253
2985830	275905
2660165	13515
2762358	5194
2922320	24856
2922320	270361
3107017	292709
3011390	1564
3011390	31512
2930208	134
2596024	142994
2596024	331821
2876933	9719
2876933	350849
2960255	10884
2960255	294586
2953320	304121
2511951	8560
2511951	312957
2843789	5194
2962635	17496
2962635	116847
2842952	8070
2972829	4177
2972829	113022
2972829	405038
3050443	13996
3050443	115583
3110499	443019
2967262	34255
2967262	45528
2827240	1002
2827240	126112
2688231	17772
2688231	23609
2536276	5245
2536276	331823
2951380	1924
2951380	33813
3080717	292609
3019367	2236
3019367	419960
2648436	18479
2648436	22758
2748438	263742
2731008	219
3104876	17647
3104876	333301
3026424	327683
3105014	62557
3015028	7008
3037971	421392
3034477	421028
2538492	8407
2919952	1119
2930249	4274
2930249	266435
2960296	133196
2960296	259455
2960296	266121
3028602	388742
3027705	278368
3099615	440892
2803457	6403
2803457	6459
3053558	694
3053558	16728
2959798	204
2959798	91820
2550914	5297
2550914	127083
2684256	137689
2886105	767
2888269	115022
2746861	1921
2746861	2553
2905210	5383
3043942	17397
3043942	44938
3043942	281802
3043942	307866
3043942	312943
3043942	352371
3043942	370900
3043942	388811
3043942	445034
2951192	398242
3041792	10287
2886767	1305
2886767	259704
2910085	5249
2910085	5303
2963250	21262
2963250	87766
2775387	8222
2775387	18479
2775387	94027
2862292	19008
3028206	11754
3028268	313660
2460306	7076
3049167	424399
3029309	18705
2925690	337610
2952270	270258
3051100	186662
2759082	2089
2759082	2107
2594090	310130
2762508	21096
2762508	339378
2918687	14578
2896768	5673
2846681	257151
2946087	1419
2502473	137753
3053902	306596
3008495	7808
3008495	414288
2896784	79629
3034357	6987
3088032	21131
3070297	255757
3107246	442631
3076035	434243
3110888	58542
3110888	133286
2970387	43851
2970387	160737
2970387	161551
2970387	360455
2963988	27565
2963988	271647
3103922	442011
3033150	303463
3033150	412147
2997709	10559
2825183	6466
2825183	6494
3092966	2744
3010881	285129
3010881	314032
3105726	1314
2950744	69021
3001187	395363
2986718	4746
2986718	36335
2986718	314775
3119391	91288
2986281	15372
2986281	386707
2970746	26019
2970746	196367
3002095	395408
3010163	159711
3029068	14046
2920132	15995
3033602	420872
3080494	26171
3033169	191115
3033169	411418
3110772	302115
3110772	444136
3012536	79167
3012536	114847
3012536	409989
3097792	60677
2962653	20099
3048857	283243
3048857	422831
3095036	39494
2951061	26654
3004328	412206
3074845	56406
3074845	109056
3074845	285321
3074845	296964
3074845	301373
3074845	309698
3074845	316479
3110459	442951
3020064	306264
3071269	429993
2945639	253746
3006987	5293
2904301	7257
2904301	16362
2904301	300757
2907114	384356
3004973	5368
3034532	421049
2902364	27178
3029373	24695
3026900	88395
3027679	388800
2827857	23627
3066102	21020
3031477	410694
3034831	421104
2918279	12420
2918279	264002
3087416	435583
3015169	309776
3067324	297505
3053905	303249
3080685	22050
3080685	22568
3080685	27206
3080685	29049
3080685	436478
2858839	101752
2858839	296751
2858839	313785
3031809	339322
2964903	5898
3026873	388698
3107572	61317
3107572	296853
3107572	298919
3107572	380221
3062031	427182
3026423	327694
2895822	29298
2918198	17585
3041444	8396
3041444	21022
3041444	35226
3041444	44938
3041444	286785
3041444	311619
3041444	313835
3041444	421179
2962782	22676
2972196	10073
3049166	424399
2959782	7028
2959782	101045
2959782	406781
3028601	388742
3033601	420870
3093609	438664
3062709	22579
2831338	142994
2667539	5756
3052948	388322
2996129	18482
3083192	15419
2866201	5154
2938328	390752
2938328	427297
2898708	8167
2729511	5908
2729511	21132
2794841	4057
2794841	4061
2942094	8214
2954940	77974
2954940	272851
2954940	403636
2809943	4036
2809943	4046
2666521	2132
2666521	2133
2882169	5685
2882169	345828
2535186	5194
2616633	14868
2547724	5443
2547724	341001
2682056	5475
2781618	9637
2781618	9646
2519076	5154
2828128	32255
3083191	15419
2769288	30885
2784894	11603
2556108	18509
2556108	318866
3020539	9519
3020539	9529
2549944	5475
2759459	2094
2759459	2102
2724711	5356
2562914	106457
2538422	56699
2538422	350926
2946764	7208
2839173	6552
2839173	9130
2815154	4050
2815154	4066
2683675	6046
2984647	9512
2984647	14417
2771113	6887
2888842	9524
2888842	9546
2600998	13345
2600998	310279
2893807	7829
3039801	6895
2844102	11768
2845989	373317
2842404	263742
2961641	5241
3011480	414990
3035726	406672
2853684	5908
2853684	87699
2853684	127144
2824774	9620
2824774	11667
2854890	312723
2603780	79826
3066573	8305
2897472	38356
2975420	5345
2851579	7071
2595963	142994
2595963	331821
3116291	268745
2682695	10589
2803830	4002
2803830	4043
2771277	274906
2514710	5958
2655406	16651
2790637	5908
2790637	18466
2790637	86255
2762597	5194
2881272	5194
2964523	149077
2737014	142994
2511949	8560
2511949	312957
2937215	7829
2916822	18509
2874708	6373
2874708	6518
2844945	8210
2843788	5194
3074295	388696
3077352	38167
3015030	7008
2883809	18509
2777292	310758
2831543	5289
2831543	186312
2551913	268745
2572590	30885
2837918	5434
2546684	12616
2546684	326370
3078789	7777
2975201	8420
2643118	5929
3066765	8214
2780991	285794
2651185	5467
2874794	9537
2874794	106849
3001711	5941
3001711	310038
2910915	125898
2910915	406028
2813917	4048
2813917	6471
3030073	5184
3005855	9531
3005855	9542
2806488	5345
2681864	11041
2807321	8185
2505778	6774
2505778	313670
2550913	5297
2550913	127083
2888268	115022
3034704	421096
2844513	5193
3003963	24873
3040523	8579
2934206	389638
2942235	8037
2996131	18482
3098279	5930
2853007	6764
3091855	270259
2843320	7804
2843320	11656
2809581	8595
2809581	27503
2866202	5154
2866202	259333
2853842	9954
2946940	8305
2989546	408245
3070290	18216
2623889	5476
2797545	57178
2619629	42229
2619629	349692
2667109	2130
2667109	2141
2645736	5406
2802576	358183
2898897	5356
3087408	435569
2963967	402645
2760236	257092
2773777	5224
